0,0
1,3
1,2
1,1
1,0
2,1
3,2
4,4
4,3
5,6
5,5
5,4
6,5
7,7
7,6
8,9
8,8
8,7
9,8
10,9
11,10
12,12
12,44
12,11
12,10
13,11
14,13
14,12
15,14
15,13
16,15
16,16
16,17
16,14
17,15
18,16
19,18
19,17
20,19
20,21
20,18
20,20
21,19
22,20
23,21
23,22
24,22
24,23
25,23
25,24
25,57
26,25
26,24
27,26
27,34
27,25
28,27
28,28
28,26
29,27
30,28
30,57
30,29
31,30
31,29
32,31
32,30
32,32
32,33
33,31
34,32
35,33
36,58
36,35
36,34
37,35
37,36
38,37
38,36
39,38
39,37
39,59
40,58
40,38
40,39
41,40
41,39
42,41
42,40
43,42
43,41
44,42
44,59
44,43
45,43
46,46
46,44
46,45
47,45
48,46
48,48
48,47
49,47
50,48
50,49
51,49
51,50
52,51
52,50
53,52
53,53
53,51
54,52
55,54
55,53
56,55
56,54
57,56
57,55
58,56
59,60
60,61
60,60
60,90
61,61
61,62
62,62
62,63
63,64
63,63
64,64
64,92
64,65
65,90
65,65
65,66
66,66
66,67
67,68
67,67
68,92
68,68
68,69
69,91
69,69
69,70
70,70
70,71
71,86
71,71
71,72
72,72
72,73
73,74
73,73
74,74
74,77
74,76
74,75
75,75
76,76
77,77
77,78
78,81
78,80
78,78
78,79
79,79
80,80
81,82
81,81
82,82
82,84
82,85
82,83
83,83
84,84
85,85
86,87
86,88
86,86
87,87
88,91
88,88
88,89
89,89
90,93
91,93
91,94
91,115
92,94
92,95
92,116
93,96
93,95
94,97
94,96
95,98
95,97
95,111
96,117
96,98
96,99
97,99
97,100
98,101
98,107
98,100
99,101
99,102
100,103
100,102
101,104
101,105
101,106
101,103
102,104
103,105
104,106
105,107
105,108
105,109
106,108
107,110
107,109
107,117
108,110
109,112
109,116
109,111
110,113
110,112
111,113
111,114
112,115
112,114
113,118
114,119
114,118
114,175
115,120
115,153
115,119
116,121
116,120
117,121
117,122
118,122
118,123
118,124
119,123
119,175
120,124
120,125
120,176
121,126
121,125
122,152
122,126
122,127
123,130
123,127
123,128
124,129
124,128
125,176
125,129
126,130
126,131
127,132
127,131
128,177
128,133
128,132
129,151
129,134
129,133
130,134
130,178
130,135
131,138
131,136
131,135
132,136
132,137
133,137
133,177
134,139
134,147
134,138
135,139
135,140
136,140
136,141
136,143
137,141
137,142
137,178
138,142
139,143
139,144
139,146
139,145
140,144
141,145
142,146
143,150
143,148
143,149
143,147
144,148
145,149
146,150
147,151
148,152
149,153
149,154
150,155
150,154
151,156
151,155
151,179
152,156
152,157
152,174
153,157
153,158
153,180
154,159
154,158
154,161
155,160
155,159
156,160
156,179
157,170
157,162
157,161
158,162
158,163
159,164
159,166
159,163
160,180
160,165
160,164
161,165
162,169
162,167
162,166
162,168
163,167
164,168
165,169
166,170
166,171
166,173
166,172
167,171
168,172
169,173
170,174
171,181
172,181
172,182
172,215
172,183
173,182
174,184
174,183
175,185
175,184
176,186
176,187
176,185
176,188
177,186
178,187
179,188
179,189
180,189
180,192
180,191
180,190
181,190
182,191
183,193
183,192
184,193
184,194
185,238
185,194
185,195
186,195
186,196
187,205
187,196
187,197
188,197
188,199
188,198
189,198
190,238
190,199
190,200
191,200
191,201
192,203
192,204
192,202
192,201
193,202
194,203
195,204
196,206
196,239
196,205
197,206
197,207
198,207
198,208
199,240
199,208
199,209
200,211
200,210
200,209
201,210
202,211
202,212
203,213
203,212
204,214
204,213
205,240
205,239
205,214
206,216
206,217
206,215
207,216
208,218
208,217
208,219
209,218
210,220
210,219
211,221
211,220
212,221
212,222
213,224
213,223
213,222
214,223
215,224
215,225
216,225
216,226
217,226
217,227
218,227
218,228
219,229
219,228
219,230
220,229
221,231
221,230
222,231
222,233
222,232
223,232
224,234
224,233
225,235
225,236
225,237
225,234
226,235
227,236
228,237
229,241
230,242
230,241
230,275
230,243
231,242
232,243
232,244
233,245
233,244
234,246
234,245
234,248
234,247
235,246
236,247
237,248
237,249
238,251
238,250
238,249
238,252
239,250
240,251
241,252
241,253
242,253
242,254
243,255
243,297
243,254
244,270
244,256
244,255
245,269
245,256
245,257
246,258
246,259
246,257
247,297
247,258
248,298
248,259
248,260
249,260
249,261
250,261
250,262
251,262
251,263
251,299
252,268
252,263
252,264
253,264
253,265
254,265
254,266
255,266
255,267
256,298
256,267
256,299
257,268
258,269
259,271
259,270
260,274
260,272
260,271
260,273
261,272
262,273
263,274
264,296
264,275
264,276
265,276
265,278
265,277
266,277
267,279
267,278
268,279
268,280
269,281
269,280
270,282
270,283
270,281
271,282
272,284
272,283
273,285
273,284
274,285
274,286
275,287
275,286
276,287
276,288
276,289
277,288
278,289
278,290
279,291
279,290
280,292
280,291
281,292
281,295
281,294
281,293
282,293
283,294
284,295
285,296
286,300
287,334
287,300
287,301
287,302
288,301
289,303
289,302
290,303
290,304
291,305
291,304
291,307
291,306
292,305
293,306
294,308
294,307
295,311
295,309
295,308
295,310
296,309
297,310
298,312
298,311
299,312
299,313
300,356
300,313
300,314
301,314
301,315
301,329
302,315
302,316
302,328
303,318
303,316
303,317
304,356
304,317
305,318
305,319
305,357
306,319
306,320
307,321
307,320
308,321
308,358
308,322
309,323
309,322
309,327
310,323
310,324
311,324
311,325
312,325
312,326
313,358
313,357
313,326
314,327
315,328
316,330
316,329
317,332
317,331
317,333
317,330
318,331
319,332
320,333
321,335
321,355
321,334
322,337
322,336
322,335
323,336
324,338
324,337
325,339
325,338
326,339
326,340
327,342
327,340
327,341
328,341
329,342
329,343
330,344
330,343
331,345
331,344
332,345
332,346
333,347
333,348
333,346
334,347
335,349
335,348
336,349
336,350
337,351
337,350
338,353
338,354
338,352
338,351
339,352
340,353
341,354
342,355
343,359
344,360
344,376
344,359
345,364
345,361
345,360
346,361
346,362
347,363
347,362
348,363
349,364
349,365
350,365
350,366
351,366
351,367
351,376
352,368
352,367
353,369
353,368
353,377
354,370
354,369
355,370
355,371
356,372
356,371
356,373
357,372
358,374
358,373
359,375
359,374
359,377
360,375
361,378
362,378
362,408
362,379
363,379
363,380
364,381
364,380
365,381
365,382
366,410
366,383
366,382
367,383
367,408
367,384
368,384
368,385
369,385
369,386
370,410
370,387
370,386
371,388
371,409
371,387
372,389
372,388
373,390
373,404
373,389
374,390
374,391
375,391
375,392
376,395
376,392
376,394
376,393
377,393
378,394
379,396
379,395
380,396
380,399
380,397
380,398
381,397
382,398
383,399
383,400
384,401
384,400
384,402
384,403
385,401
386,402
387,403
388,405
388,406
388,404
389,405
390,407
390,406
390,409
391,407
392,411
393,433
393,411
393,412
394,413
394,412
394,434
395,413
395,414
396,415
396,414
397,415
397,416
397,429
398,435
398,416
398,417
399,417
399,418
400,425
400,418
400,419
401,420
401,419
402,421
402,420
403,421
403,423
403,422
403,424
404,422
405,423
406,424
407,427
407,426
407,425
408,426
409,427
409,435
409,428
410,428
411,430
411,434
411,429
412,431
412,430
413,431
413,432
414,432
414,433
415,436
416,461
416,436
416,437
417,449
417,438
417,437
418,438
418,439
419,440
419,439
420,440
420,441
421,444
421,442
421,443
421,441
422,442
423,443
424,445
424,444
425,445
425,447
425,446
425,448
426,446
427,447
428,448
429,450
429,449
430,451
430,450
431,452
431,451
431,461
432,452
432,453
433,454
433,453
433,462
434,455
434,454
435,455
435,456
436,457
436,458
436,456
437,457
438,459
438,458
439,460
439,459
439,462
440,460
441,463
442,484
442,463
442,464
443,464
443,472
443,465
444,465
444,466
445,466
445,467
446,467
446,468
447,469
447,470
447,471
447,468
448,469
449,470
450,471
451,473
451,472
452,473
452,474
453,474
453,475
453,484
454,476
454,475
455,476
455,485
455,477
456,477
456,478
457,478
457,479
458,479
458,481
458,480
459,480
460,482
460,481
461,485
461,483
461,482
462,483
463,486
464,515
464,487
464,486
465,487
465,488
465,503
466,489
466,488
467,489
467,490
468,490
468,491
469,493
469,492
469,491
469,494
470,492
471,493
472,495
472,494
473,498
473,496
473,497
473,495
474,496
475,497
476,499
476,498
477,500
477,499
477,502
477,501
478,500
479,501
480,502
481,503
481,504
482,505
482,504
483,515
483,505
483,506
484,506
484,507
485,507
485,516
485,508
486,509
486,508
486,510
487,509
488,511
488,510
489,511
489,513
489,512
490,512
491,514
491,513
492,514
492,516
493,517
494,518
494,517
495,518
495,519
495,520
496,519
497,521
497,522
497,520
498,521
499,522
499,523
499,524
500,523
501,525
501,524
502,526
502,525
503,529
503,528
503,526
503,527
504,527
505,528
506,529
507,530
508,530
508,537
508,531
509,531
509,532
510,532
510,533
511,534
511,536
511,533
511,535
512,534
513,535
514,536
515,539
515,538
515,537
516,538
517,539
517,541
517,540
518,540
519,542
519,541
520,542
521,543
521,551
522,556
522,544
522,543
523,544
523,545
523,550
524,549
524,546
524,545
525,547
525,548
525,546
526,547
526,556
527,548
528,549
529,550
530,552
530,551
531,553
531,554
531,555
531,552
532,553
533,554
534,555
535,557
536,557
536,559
536,558
537,558
538,559
538,560
538,561
539,560
540,561
540,562
541,563
541,565
541,562
541,564
542,563
543,564
544,565
545,585
545,566
546,584
546,566
546,567
547,583
547,567
547,568
548,568
548,569
548,575
549,569
549,570
550,585
550,571
550,574
550,570
551,572
551,571
551,573
552,572
553,573
554,574
555,582
555,576
555,575
556,576
556,577
557,577
557,578
558,580
558,581
558,578
558,579
559,579
560,580
561,581
562,582
563,583
564,584
565,586
566,586
566,588
566,589
566,587
567,587
568,588
569,589
570,600
570,590
571,590
571,599
571,591
572,591
572,592
572,598
573,592
573,593
573,597
574,593
574,594
574,596
575,594
575,595
576,595
577,596
578,597
579,598
580,599
581,600
581,602
581,601
582,601
583,603
583,604
583,602
584,603
585,604
586,605
587,605
587,607
587,608
587,606
588,606
589,607
590,608
591,609
592,637
592,609
592,610
593,610
593,611
594,611
594,613
594,612
595,612
596,616
596,613
596,614
597,615
597,614
598,615
598,637
599,617
599,638
599,616
600,618
600,617
601,633
601,619
601,618
602,619
602,620
603,621
603,620
604,623
604,621
604,622
604,624
605,622
606,623
607,624
607,625
608,626
608,628
608,625
608,627
609,626
610,627
611,629
611,628
612,631
612,629
612,630
612,632
613,630
614,631
615,632
616,634
616,635
616,633
617,634
618,636
618,638
618,635
619,636
620,674
620,639
621,639
621,673
621,640
622,640
622,672
622,641
623,642
623,668
623,641
624,642
624,643
625,674
625,647
625,644
625,643
626,646
626,645
626,644
627,645
628,646
629,648
629,647
630,648
630,650
630,649
630,651
631,649
632,650
633,651
633,652
634,652
634,653
635,653
635,675
635,654
636,655
636,654
636,667
637,666
637,656
637,655
638,656
638,658
638,657
639,657
639,675
640,659
640,658
640,676
641,660
641,659
642,660
642,661
643,661
643,665
643,662
644,662
644,663
645,676
645,663
645,664
646,664
647,665
648,666
649,667
650,671
650,668
650,669
651,670
651,669
652,670
653,671
654,672
655,673
656,677
657,679
657,677
657,678
657,680
658,678
659,679
660,681
660,680
661,683
661,684
661,682
661,681
662,682
663,683
664,684
