1,0,0,0,0,4,0.1711,1,0,0,0,0,0,1,0,0,0,0,0,0,0,0,0,0,0,0,0,1,0
0,1,0,0,0,4,0.3126,0,0,0,1,0,0,0,1,0,0,0,0,0,0,0,0,0,0,0,0,1,0
1,0,0,0,0,4,0.1711,1,0,0,0,0,0,1,0,0,0,0,0,0,0,0,0,0,0,0,0,1,0
1,0,0,0,0,4,0.1711,1,0,0,0,0,0,1,0,0,0,0,0,0,0,0,0,0,0,0,0,1,0
1,0,0,0,0,4,0.1429,0,1,0,0,0,0,1,0,0,0,0,0,0,0,0,0,0,0,0,0,1,0
1,0,0,0,0,4,0.2121,0,0,0,1,0,0,1,0,0,0,0,0,0,0,0,0,0,0,0,0,1,0
0,0,1,0,0,2,0.2164,1,0,0,0,0,0,0,0,1,0,0,0,0,0,0,0,0,0,0,0,1,0
1,0,0,0,0,4,0.0807,0,1,0,0,0,0,1,0,0,0,0,0,0,0,0,0,0,0,0,0,1,0
1,0,0,0,0,3,0.0531,0,0,0,1,0,0,0,0,0,1,0,0,0,0,0,0,0,0,0,0,0,1
0,0,1,0,0,1,0.5491,1,0,0,0,0,0,0,0,0,0,1,0,0,0,0,0,0,0,0,0,0,1
0,0,1,0,0,1,0.5491,0,1,0,0,0,0,0,0,0,0,1,0,0,0,0,0,0,0,0,0,0,1
1,0,0,0,0,4,0.0056,1,0,0,0,0,0,1,0,0,0,0,0,0,0,0,0,0,0,0,0,1,0
1,0,0,0,0,4,0.0645,0,0,0,1,0,0,1,0,0,0,0,0,0,0,0,0,0,0,0,0,1,0
1,0,0,0,0,4,0.0056,1,0,0,0,0,0,1,0,0,0,0,0,0,0,0,0,0,0,0,0,1,0
1,0,0,0,0,4,0.1519,0,1,0,0,0,0,1,0,0,0,0,0,0,0,0,0,0,0,0,0,1,0
0,0,1,0,0,2,0.3138,0,1,0,0,0,0,0,0,1,0,0,0,0,0,0,0,0,0,0,0,1,0
0,0,0,1,0,4,0.2188,0,0,0,0,1,0,0,0,0,0,0,1,0,0,0,0,0,0,0,0,1,0
0,0,1,0,0,2,0.4371,1,0,0,0,0,0,0,0,1,0,0,0,0,0,0,0,0,0,0,0,1,0
0,0,1,0,0,1,0.517,0,1,0,0,0,0,0,0,0,0,0,0,1,0,0,0,0,0,0,0,0,1
0,0,1,0,0,2,0.2703,0,1,0,0,0,0,0,0,1,0,0,0,0,0,0,0,0,0,0,0,1,0
0,0,0,1,0,4,0.2189,0,0,0,0,1,0,0,0,0,0,0,1,0,0,0,0,0,0,0,0,1,0
0,0,1,0,0,2,0.4371,1,0,0,0,0,0,0,0,1,0,0,0,0,0,0,0,0,0,0,0,1,0
0,0,1,0,0,1,0.517,0,1,0,0,0,0,0,0,0,0,0,0,1,0,0,0,0,0,0,0,0,1
0,0,1,0,0,2,0.3112,0,1,0,0,0,0,0,0,1,0,0,0,0,0,0,0,0,0,0,0,1,0
1,0,0,0,0,4,0.1812,0,1,0,0,0,0,1,0,0,0,0,0,0,0,0,0,0,0,0,0,1,0
1,0,0,0,0,4,0.1775,0,0,0,1,0,0,1,0,0,0,0,0,0,0,0,0,0,0,0,0,1,0
0,0,1,0,0,2,0.3307,0,1,0,0,0,0,0,0,1,0,0,0,0,0,0,0,0,0,0,0,1,0
1,0,0,0,0,4,0.2408,0,0,0,1,0,0,1,0,0,0,0,0,0,0,0,0,0,0,0,0,1,0
1,0,0,0,0,4,0.231,0,0,0,1,0,0,1,0,0,0,0,0,0,0,0,0,0,0,0,0,1,0
0,0,1,0,0,2,0.2156,1,0,0,0,0,0,0,0,1,0,0,0,0,0,0,0,0,0,0,0,1,0
1,0,0,0,0,4,0.1904,0,0,0,1,0,0,1,0,0,0,0,0,0,0,0,0,0,0,0,0,1,0
0,0,1,0,0,2,0.2674,0,1,0,0,0,0,0,0,1,0,0,0,0,0,0,0,0,0,0,0,1,0
0,0,0,1,0,4,0.5327,0,0,0,0,1,0,0,0,0,0,0,1,0,0,0,0,0,0,0,0,1,0
0,0,1,0,0,2,0.1145,1,0,0,0,0,0,0,0,1,0,0,0,0,0,0,0,0,0,0,0,1,0
0,0,1,0,0,2,0.1145,1,0,0,0,0,0,0,0,1,0,0,0,0,0,0,0,0,0,0,0,1,0
0,0,1,0,0,1,0.2224,0,1,0,0,0,0,0,0,0,0,0,0,1,0,0,0,0,0,0,0,0,1
0,1,0,0,0,3,0.2693,0,0,1,0,0,0,0,0,0,0,0,0,0,1,0,0,0,0,0,0,0,1
1,0,0,0,0,3,0.1816,0,0,1,0,0,0,0,0,0,0,0,0,0,0,1,0,0,0,0,0,0,1
0,1,0,0,0,2,0.2193,0,0,1,0,0,0,0,0,0,0,0,0,0,1,0,0,0,0,0,0,0,1
1,0,0,0,0,3,0.1518,0,0,0,1,0,0,0,0,0,0,0,0,0,0,1,0,0,0,0,0,0,1
1,0,0,0,0,3,0.1692,0,0,0,1,0,0,0,0,0,0,0,0,0,0,1,0,0,0,0,0,0,1
0,1,0,0,0,2,0.2048,0,0,1,0,0,0,0,0,0,0,0,0,0,1,0,0,0,0,0,0,0,1
1,0,0,0,0,3,0.2016,0,0,1,0,0,0,0,0,0,0,0,0,0,0,1,0,0,0,0,0,0,1
0,1,0,0,0,2,0.204,0,0,1,0,0,0,0,0,0,0,0,0,0,1,0,0,0,0,0,0,0,1
1,0,0,0,0,3,0.1919,0,0,0,1,0,0,0,0,0,0,0,0,0,0,1,0,0,0,0,0,0,1
0,1,0,0,0,3,0.1054,1,0,0,0,0,0,0,0,0,0,0,0,0,0,0,1,0,0,0,0,0,1
1,0,0,0,0,4,0.2312,0,0,0,1,0,0,1,0,0,0,0,0,0,0,0,0,0,0,0,0,1,0
0,0,1,0,0,2,0.2131,1,0,0,0,0,0,0,0,1,0,0,0,0,0,0,0,0,0,0,0,1,0
1,0,0,0,0,3,0.2719,0,0,0,1,0,0,0,0,0,1,0,0,0,0,0,0,0,0,0,0,0,1
0,0,1,0,0,1,0.2706,0,1,0,0,0,0,0,0,0,0,0,0,1,0,0,0,0,0,0,0,0,1
0,1,0,0,0,3,0.2028,0,1,0,0,0,0,0,0,0,0,0,0,0,0,0,0,1,0,0,0,0,1
1,0,0,0,0,4,0.1248,0,1,0,0,0,0,1,0,0,0,0,0,0,0,0,0,0,0,0,0,1,0
1,0,0,0,0,4,0.1102,0,1,0,0,0,0,1,0,0,0,0,0,0,0,0,0,0,0,0,0,1,0
1,0,0,0,0,3,0.2432,0,0,0,1,0,0,0,0,0,1,0,0,0,0,0,0,0,0,0,0,0,1
0,0,1,0,0,1,0.2733,0,1,0,0,0,0,0,0,0,0,0,0,1,0,0,0,0,0,0,0,0,1
0,1,0,0,0,3,0.2044,0,1,0,0,0,0,0,0,0,0,0,0,0,0,0,0,1,0,0,0,0,1
1,0,0,0,0,4,0.1276,0,1,0,0,0,0,1,0,0,0,0,0,0,0,0,0,0,0,0,0,1,0
1,0,0,0,0,4,0.092,0,1,0,0,0,0,1,0,0,0,0,0,0,0,0,0,0,0,0,0,1,0
0,0,0,0,1,2,0.0802,1,0,0,0,0,0,0,0,0,0,0,0,0,0,0,0,0,1,0,0,1,0
0,1,0,0,0,3,0.1054,1,0,0,0,0,0,0,0,0,0,0,0,0,0,0,1,0,0,0,0,0,1
1,0,0,0,0,3,0.1919,0,0,0,1,0,0,0,0,0,0,0,0,0,0,1,0,0,0,0,0,0,1
0,1,0,0,0,2,0.204,0,0,1,0,0,0,0,0,0,0,0,0,0,1,0,0,0,0,0,0,0,1
1,0,0,0,0,3,0.2016,0,0,1,0,0,0,0,0,0,0,0,0,0,0,1,0,0,0,0,0,0,1
0,1,0,0,0,2,0.2048,0,0,1,0,0,0,0,0,0,0,0,0,0,1,0,0,0,0,0,0,0,1
1,0,0,0,0,3,0.1692,0,0,0,1,0,0,0,0,0,0,0,0,0,0,1,0,0,0,0,0,0,1
1,0,0,0,0,3,0.1518,0,0,0,1,0,0,0,0,0,0,0,0,0,0,1,0,0,0,0,0,0,1
0,1,0,0,0,2,0.2193,0,0,1,0,0,0,0,0,0,0,0,0,0,1,0,0,0,0,0,0,0,1
1,0,0,0,0,3,0.1816,0,0,1,0,0,0,0,0,0,0,0,0,0,0,1,0,0,0,0,0,0,1
0,1,0,0,0,3,0.2693,0,0,1,0,0,0,0,0,0,0,0,0,0,1,0,0,0,0,0,0,0,1
1,0,0,0,0,4,0.2409,0,0,0,1,0,0,1,0,0,0,0,0,0,0,0,0,0,0,0,0,1,0
0,0,1,0,0,2,0.3306,0,1,0,0,0,0,0,0,1,0,0,0,0,0,0,0,0,0,0,0,1,0
1,0,0,0,0,4,0.1801,0,0,0,1,0,0,1,0,0,0,0,0,0,0,0,0,0,0,0,0,1,0
1,0,0,0,0,4,0.1813,0,1,0,0,0,0,1,0,0,0,0,0,0,0,0,0,0,0,0,0,1,0
0,0,1,0,0,2,0.3112,0,1,0,0,0,0,0,0,1,0,0,0,0,0,0,0,0,0,0,0,1,0
0,0,0,1,0,4,0.2189,0,0,0,0,1,0,0,0,0,0,0,1,0,0,0,0,0,0,0,0,1,0
0,0,1,0,0,2,0.4371,1,0,0,0,0,0,0,0,1,0,0,0,0,0,0,0,0,0,0,0,1,0
0,0,1,0,0,1,0.517,0,1,0,0,0,0,0,0,0,0,0,0,1,0,0,0,0,0,0,0,0,1
0,0,1,0,0,2,0.27,0,1,0,0,0,0,0,0,1,0,0,0,0,0,0,0,0,0,0,0,1,0
0,0,0,1,0,4,0.2277,0,0,0,0,1,0,0,0,0,0,0,1,0,0,0,0,0,0,0,0,1,0
0,0,1,0,0,2,0.4368,1,0,0,0,0,0,0,0,1,0,0,0,0,0,0,0,0,0,0,0,1,0
0,0,1,0,0,1,0.5168,0,1,0,0,0,0,0,0,0,0,0,0,1,0,0,0,0,0,0,0,0,1
0,0,1,0,0,2,0.2258,0,1,0,0,0,0,0,0,1,0,0,0,0,0,0,0,0,0,0,0,1,0
0,0,0,1,0,4,0.5373,0,0,0,0,1,0,0,0,0,0,0,1,0,0,0,0,0,0,0,0,1,0
0,0,1,0,0,2,0.1143,1,0,0,0,0,0,0,0,1,0,0,0,0,0,0,0,0,0,0,0,1,0
0,0,1,0,0,2,0.1143,1,0,0,0,0,0,0,0,1,0,0,0,0,0,0,0,0,0,0,0,1,0
0,0,1,0,0,1,0.2221,0,1,0,0,0,0,0,0,0,0,0,0,1,0,0,0,0,0,0,0,0,1
1,0,0,0,0,4,0.2161,0,0,0,1,0,0,1,0,0,0,0,0,0,0,0,0,0,0,0,0,1,0
0,0,1,0,0,2,0.2175,1,0,0,0,0,0,0,0,1,0,0,0,0,0,0,0,0,0,0,0,1,0
1,0,0,0,0,4,0.2337,0,0,0,1,0,0,1,0,0,0,0,0,0,0,0,0,0,0,0,0,1,0
0,0,1,0,0,2,0.2155,1,0,0,0,0,0,0,0,1,0,0,0,0,0,0,0,0,0,0,0,1,0
0,1,0,0,0,3,0.1054,1,0,0,0,0,0,0,0,0,0,0,0,0,0,0,1,0,0,0,0,0,1
1,0,0,0,0,3,0.1919,0,0,0,1,0,0,0,0,0,0,0,0,0,0,1,0,0,0,0,0,0,1
1,0,0,0,0,3,0.1518,0,0,0,1,0,0,0,0,0,0,0,0,0,0,1,0,0,0,0,0,0,1
0,1,0,0,0,2,0.2193,0,0,1,0,0,0,0,0,0,0,0,0,0,1,0,0,0,0,0,0,0,1
1,0,0,0,0,3,0.1816,0,0,1,0,0,0,0,0,0,0,0,0,0,0,1,0,0,0,0,0,0,1
0,1,0,0,0,3,0.2693,0,0,1,0,0,0,0,0,0,0,0,0,0,1,0,0,0,0,0,0,0,1
1,0,0,0,0,4,0.2409,0,0,0,1,0,0,1,0,0,0,0,0,0,0,0,0,0,0,0,0,1,0
0,0,1,0,0,2,0.3306,0,1,0,0,0,0,0,0,1,0,0,0,0,0,0,0,0,0,0,0,1,0
1,0,0,0,0,4,0.1803,0,0,0,1,0,0,1,0,0,0,0,0,0,0,0,0,0,0,0,0,1,0
1,0,0,0,0,4,0.1859,0,1,0,0,0,0,1,0,0,0,0,0,0,0,0,0,0,0,0,0,1,0
0,0,1,0,0,2,0.2675,0,1,0,0,0,0,0,0,1,0,0,0,0,0,0,0,0,0,0,0,1,0
0,0,0,1,0,4,0.5327,0,0,0,0,1,0,0,0,0,0,0,1,0,0,0,0,0,0,0,0,1,0
0,0,1,0,0,2,0.1145,1,0,0,0,0,0,0,0,1,0,0,0,0,0,0,0,0,0,0,0,1,0
0,0,1,0,0,2,0.1145,1,0,0,0,0,0,0,0,1,0,0,0,0,0,0,0,0,0,0,0,1,0
0,0,1,0,0,1,0.2224,0,1,0,0,0,0,0,0,0,0,0,0,1,0,0,0,0,0,0,0,0,1
1,0,0,0,0,4,0.2161,0,0,0,1,0,0,1,0,0,0,0,0,0,0,0,0,0,0,0,0,1,0
0,0,1,0,0,2,0.2175,1,0,0,0,0,0,0,0,1,0,0,0,0,0,0,0,0,0,0,0,1,0
1,0,0,0,0,4,0.2337,0,0,0,1,0,0,1,0,0,0,0,0,0,0,0,0,0,0,0,0,1,0
0,0,1,0,0,2,0.2155,1,0,0,0,0,0,0,0,1,0,0,0,0,0,0,0,0,0,0,0,1,0
1,0,0,0,0,3,0.1692,0,0,0,1,0,0,0,0,0,0,0,0,0,0,1,0,0,0,0,0,0,1
0,1,0,0,0,2,0.2048,0,0,1,0,0,0,0,0,0,0,0,0,0,1,0,0,0,0,0,0,0,1
1,0,0,0,0,3,0.2016,0,0,1,0,0,0,0,0,0,0,0,0,0,0,1,0,0,0,0,0,0,1
0,1,0,0,0,2,0.204,0,0,1,0,0,0,0,0,0,0,0,0,0,1,0,0,0,0,0,0,0,1
1,0,0,0,0,4,0.0327,1,0,0,0,0,0,1,0,0,0,0,0,0,0,0,0,0,0,0,0,1,0
1,0,0,0,0,3,0.0025,0,0,0,1,0,0,0,0,0,0,0,0,0,0,1,0,0,0,0,0,0,1
1,0,0,0,0,3,0.0989,0,0,0,1,0,0,0,0,0,0,0,0,0,0,1,0,0,0,0,0,0,1
1,0,0,0,0,3,0.0206,0,0,1,0,0,0,0,0,0,0,0,0,0,0,1,0,0,0,0,0,0,1
1,0,0,0,0,3,0.0016,0,0,1,0,0,0,0,0,0,0,0,0,0,0,1,0,0,0,0,0,0,1
1,0,0,0,0,3,0.0002,0,0,0,1,0,0,0,0,0,0,0,0,0,0,1,0,0,0,0,0,0,1
1,0,0,0,0,3,0.0027,0,0,1,0,0,0,0,0,0,0,0,0,0,0,1,0,0,0,0,0,0,1
1,0,0,0,0,3,0.0002,0,0,0,1,0,0,0,0,0,0,0,0,0,0,1,0,0,0,0,0,0,1
1,0,0,0,0,3,0.0027,0,0,1,0,0,0,0,0,0,0,0,0,0,0,1,0,0,0,0,0,0,1
1,0,0,0,0,3,0.0025,0,0,0,1,0,0,0,0,0,0,0,0,0,0,1,0,0,0,0,0,0,1
1,0,0,0,0,3,0.0989,0,0,0,1,0,0,0,0,0,0,0,0,0,0,1,0,0,0,0,0,0,1
1,0,0,0,0,3,0.0206,0,0,1,0,0,0,0,0,0,0,0,0,0,0,1,0,0,0,0,0,0,1
1,0,0,0,0,3,0.0016,0,0,1,0,0,0,0,0,0,0,0,0,0,0,1,0,0,0,0,0,0,1
0,1,0,0,0,2,0.1482,0,0,1,0,0,0,0,0,0,0,0,0,0,0,0,0,0,0,1,0,0,1
0,1,0,0,0,2,0.1447,0,0,1,0,0,0,0,0,0,0,0,0,0,0,0,0,0,0,1,0,0,1
1,0,0,0,0,3,0.1416,0,0,0,1,0,0,0,0,0,0,0,0,0,0,1,0,0,0,0,0,0,1
1,0,0,0,0,3,0.2162,0,0,0,1,0,0,0,0,0,0,0,0,0,0,1,0,0,0,0,0,0,1
1,0,0,0,0,3,0.0599,0,0,0,1,0,0,0,0,0,0,0,0,0,0,1,0,0,0,0,0,0,1
1,0,0,0,0,3,0.0242,0,0,0,1,0,0,0,0,0,0,0,0,0,0,1,0,0,0,0,0,0,1
1,0,0,0,0,3,0.0032,0,0,1,0,0,0,0,0,0,0,0,0,0,0,1,0,0,0,0,0,0,1
1,0,0,0,0,3,0.0242,0,0,1,0,0,0,0,0,0,0,0,0,0,0,1,0,0,0,0,0,0,1
1,0,0,0,0,3,0.1378,0,0,0,1,0,0,0,0,0,0,0,0,0,0,1,0,0,0,0,0,0,1
1,0,0,0,0,3,0.0433,0,0,1,0,0,0,0,0,0,0,0,0,0,0,1,0,0,0,0,0,0,1
1,0,0,0,0,3,0.1543,0,0,0,1,0,0,0,0,0,0,0,0,0,0,1,0,0,0,0,0,0,1
1,0,0,0,0,3,0.1118,0,0,0,1,0,0,0,0,0,0,0,0,0,0,1,0,0,0,0,0,0,1
0,1,0,0,0,3,0.1265,1,0,0,0,0,0,0,0,0,0,0,0,0,0,0,1,0,0,0,0,0,1
0,0,0,0,1,4,0.1422,0,0,0,0,0,1,0,0,0,0,0,0,0,0,0,0,0,1,0,0,1,0
0,0,1,0,0,1,0.1396,0,1,0,0,0,0,0,0,0,0,0,0,1,0,0,0,0,0,0,0,0,1
0,0,1,0,0,1,0.1396,0,1,0,0,0,0,0,0,0,0,0,0,1,0,0,0,0,0,0,0,0,1
0,0,1,0,0,2,0.0426,1,0,0,0,0,0,0,0,1,0,0,0,0,0,0,0,0,0,0,0,1,0
0,0,0,0,1,4,0.1409,0,0,0,0,0,1,0,0,0,0,0,0,0,0,0,0,0,1,0,0,1,0
0,0,1,0,0,1,0.1397,0,1,0,0,0,0,0,0,0,0,0,0,1,0,0,0,0,0,0,0,0,1
0,0,1,0,0,1,0.1397,0,1,0,0,0,0,0,0,0,0,0,0,1,0,0,0,0,0,0,0,0,1
0,0,1,0,0,2,0.0426,1,0,0,0,0,0,0,0,1,0,0,0,0,0,0,0,0,0,0,0,1,0
0,0,1,0,0,2,0.2849,1,0,0,0,0,0,0,0,1,0,0,0,0,0,0,0,0,0,0,0,0,1
1,0,0,0,0,4,0.0327,1,0,0,0,0,0,1,0,0,0,0,0,0,0,0,0,0,0,0,0,1,0
0,1,0,0,0,2,0.1482,0,0,1,0,0,0,0,0,0,0,0,0,0,0,0,0,0,0,1,0,0,1
0,1,0,0,0,2,0.1447,0,0,1,0,0,0,0,0,0,0,0,0,0,0,0,0,0,0,1,0,0,1
1,0,0,0,0,3,0.1416,0,0,0,1,0,0,0,0,0,0,0,0,0,0,1,0,0,0,0,0,0,1
1,0,0,0,0,3,0.2162,0,0,0,1,0,0,0,0,0,0,0,0,0,0,1,0,0,0,0,0,0,1
1,0,0,0,0,3,0.0599,0,0,0,1,0,0,0,0,0,0,0,0,0,0,1,0,0,0,0,0,0,1
1,0,0,0,0,3,0.0242,0,0,0,1,0,0,0,0,0,0,0,0,0,0,1,0,0,0,0,0,0,1
1,0,0,0,0,3,0.0032,0,0,1,0,0,0,0,0,0,0,0,0,0,0,1,0,0,0,0,0,0,1
1,0,0,0,0,3,0.0242,0,0,1,0,0,0,0,0,0,0,0,0,0,0,1,0,0,0,0,0,0,1
1,0,0,0,0,3,0.1378,0,0,0,1,0,0,0,0,0,0,0,0,0,0,1,0,0,0,0,0,0,1
1,0,0,0,0,3,0.0433,0,0,1,0,0,0,0,0,0,0,0,0,0,0,1,0,0,0,0,0,0,1
1,0,0,0,0,3,0.1543,0,0,0,1,0,0,0,0,0,0,0,0,0,0,1,0,0,0,0,0,0,1
1,0,0,0,0,3,0.1118,0,0,0,1,0,0,0,0,0,0,0,0,0,0,1,0,0,0,0,0,0,1
0,1,0,0,0,3,0.1265,1,0,0,0,0,0,0,0,0,0,0,0,0,0,0,1,0,0,0,0,0,1
0,0,0,0,1,4,0.1422,0,0,0,0,0,1,0,0,0,0,0,0,0,0,0,0,0,1,0,0,1,0
0,0,1,0,0,1,0.1396,0,1,0,0,0,0,0,0,0,0,0,0,1,0,0,0,0,0,0,0,0,1
0,0,1,0,0,1,0.1396,0,1,0,0,0,0,0,0,0,0,0,0,1,0,0,0,0,0,0,0,0,1
0,0,1,0,0,2,0.0426,1,0,0,0,0,0,0,0,1,0,0,0,0,0,0,0,0,0,0,0,1,0
0,0,0,0,1,4,0.1409,0,0,0,0,0,1,0,0,0,0,0,0,0,0,0,0,0,1,0,0,1,0
0,0,1,0,0,1,0.1397,0,1,0,0,0,0,0,0,0,0,0,0,1,0,0,0,0,0,0,0,0,1
0,0,1,0,0,1,0.1397,0,1,0,0,0,0,0,0,0,0,0,0,1,0,0,0,0,0,0,0,0,1
0,0,1,0,0,2,0.0426,1,0,0,0,0,0,0,0,1,0,0,0,0,0,0,0,0,0,0,0,1,0
0,0,1,0,0,2,0.2849,1,0,0,0,0,0,0,0,1,0,0,0,0,0,0,0,0,0,0,0,0,1
1,0,0,0,0,4,0.0056,1,0,0,0,0,0,1,0,0,0,0,0,0,0,0,0,0,0,0,0,1,0
1,0,0,0,0,4,0.0648,0,0,0,1,0,0,1,0,0,0,0,0,0,0,0,0,0,0,0,0,1,0
1,0,0,0,0,4,0.0056,1,0,0,0,0,0,1,0,0,0,0,0,0,0,0,0,0,0,0,0,1,0
1,0,0,0,0,4,0.1519,0,1,0,0,0,0,1,0,0,0,0,0,0,0,0,0,0,0,0,0,1,0
0,0,1,0,0,2,0.3138,0,1,0,0,0,0,0,0,1,0,0,0,0,0,0,0,0,0,0,0,1,0
0,0,0,1,0,4,0.2188,0,0,0,0,1,0,0,0,0,0,0,1,0,0,0,0,0,0,0,0,1,0
0,0,1,0,0,2,0.4371,1,0,0,0,0,0,0,0,1,0,0,0,0,0,0,0,0,0,0,0,1,0
0,0,1,0,0,1,0.517,0,1,0,0,0,0,0,0,0,0,0,0,1,0,0,0,0,0,0,0,0,1
0,0,1,0,0,2,0.2703,0,1,0,0,0,0,0,0,1,0,0,0,0,0,0,0,0,0,0,0,1,0
0,0,0,1,0,4,0.2189,0,0,0,0,1,0,0,0,0,0,0,1,0,0,0,0,0,0,0,0,1,0
0,0,1,0,0,2,0.4371,1,0,0,0,0,0,0,0,1,0,0,0,0,0,0,0,0,0,0,0,1,0
0,0,1,0,0,1,0.517,0,1,0,0,0,0,0,0,0,0,0,0,1,0,0,0,0,0,0,0,0,1
0,0,1,0,0,2,0.3112,0,1,0,0,0,0,0,0,1,0,0,0,0,0,0,0,0,0,0,0,1,0
1,0,0,0,0,4,0.1812,0,1,0,0,0,0,1,0,0,0,0,0,0,0,0,0,0,0,0,0,1,0
1,0,0,0,0,4,0.1775,0,0,1,0,0,0,1,0,0,0,0,0,0,0,0,0,0,0,0,0,1,0
0,0,1,0,0,2,0.3307,0,1,0,0,0,0,0,0,1,0,0,0,0,0,0,0,0,0,0,0,1,0
1,0,0,0,0,4,0.2408,0,0,1,0,0,0,1,0,0,0,0,0,0,0,0,0,0,0,0,0,1,0
1,0,0,0,0,4,0.231,0,0,1,0,0,0,1,0,0,0,0,0,0,0,0,0,0,0,0,0,1,0
0,0,1,0,0,2,0.2156,1,0,0,0,0,0,0,0,1,0,0,0,0,0,0,0,0,0,0,0,1,0
1,0,0,0,0,4,0.1904,0,0,1,0,0,0,1,0,0,0,0,0,0,0,0,0,0,0,0,0,1,0
0,0,1,0,0,2,0.2674,0,1,0,0,0,0,0,0,1,0,0,0,0,0,0,0,0,0,0,0,1,0
0,0,0,1,0,4,0.5327,0,0,0,0,1,0,0,0,0,0,0,1,0,0,0,0,0,0,0,0,1,0
0,0,1,0,0,2,0.1145,1,0,0,0,0,0,0,0,1,0,0,0,0,0,0,0,0,0,0,0,1,0
0,0,1,0,0,2,0.1145,1,0,0,0,0,0,0,0,1,0,0,0,0,0,0,0,0,0,0,0,1,0
0,0,1,0,0,1,0.2224,0,1,0,0,0,0,0,0,0,0,0,0,1,0,0,0,0,0,0,0,0,1
0,1,0,0,0,3,0.2693,0,0,1,0,0,0,0,0,0,0,0,0,0,1,0,0,0,0,0,0,0,1
1,0,0,0,0,3,0.1816,0,0,1,0,0,0,0,0,0,0,0,0,0,0,1,0,0,0,0,0,0,1
0,1,0,0,0,2,0.2193,0,0,1,0,0,0,0,0,0,0,0,0,0,1,0,0,0,0,0,0,0,1
1,0,0,0,0,3,0.1518,0,0,0,1,0,0,0,0,0,0,0,0,0,0,1,0,0,0,0,0,0,1
1,0,0,0,0,3,0.1919,0,0,0,1,0,0,0,0,0,0,0,0,0,0,1,0,0,0,0,0,0,1
0,1,0,0,0,3,0.1054,1,0,0,0,0,0,0,0,0,0,0,0,0,0,0,1,0,0,0,0,0,1
0,1,0,0,0,2,0.204,0,0,1,0,0,0,0,0,0,0,0,0,0,1,0,0,0,0,0,0,0,1
1,0,0,0,0,3,0.2016,0,0,1,0,0,0,0,0,0,0,0,0,0,0,1,0,0,0,0,0,0,1
0,1,0,0,0,2,0.2048,0,0,1,0,0,0,0,0,0,0,0,0,0,1,0,0,0,0,0,0,0,1
1,0,0,0,0,3,0.1692,0,0,0,1,0,0,0,0,0,0,0,0,0,0,1,0,0,0,0,0,0,1
1,0,0,0,0,4,0.2337,0,0,1,0,0,0,1,0,0,0,0,0,0,0,0,0,0,0,0,0,1,0
0,0,1,0,0,2,0.2129,1,0,0,0,0,0,0,0,1,0,0,0,0,0,0,0,0,0,0,0,1,0
1,0,0,0,0,3,0.282,0,0,0,1,0,0,0,0,0,1,0,0,0,0,0,0,0,0,0,0,0,1
0,0,1,0,0,2,0.2678,1,0,0,0,0,0,0,0,0,0,0,0,1,0,0,0,0,0,0,0,0,1
0,1,0,0,0,2,0.2351,0,0,1,0,0,0,0,0,0,0,0,0,0,0,0,0,0,0,1,0,0,1
1,0,0,0,0,4,0.1384,0,1,0,0,0,0,1,0,0,0,0,0,0,0,0,0,0,0,0,0,1,0
1,0,0,0,0,4,0.1158,0,1,0,0,0,0,1,0,0,0,0,0,0,0,0,0,0,0,0,0,1,0
1,0,0,0,0,3,0.2535,0,0,0,1,0,0,0,0,0,1,0,0,0,0,0,0,0,0,0,0,0,1
0,0,1,0,0,2,0.2705,1,0,0,0,0,0,0,0,0,0,0,0,1,0,0,0,0,0,0,0,0,1
0,1,0,0,0,2,0.2368,0,0,1,0,0,0,0,0,0,0,0,0,0,0,0,0,0,0,1,0,0,1
1,0,0,0,0,4,0.1406,0,1,0,0,0,0,1,0,0,0,0,0,0,0,0,0,0,0,0,0,1,0
1,0,0,0,0,4,0.0913,0,1,0,0,0,0,1,0,0,0,0,0,0,0,0,0,0,0,0,0,1,0
0,0,0,0,1,2,0.075,0,1,0,0,0,0,0,0,0,0,0,0,0,0,0,0,0,1,0,0,1,0
1,0,0,0,0,3,0.2016,0,0,0,1,0,0,0,0,0,1,0,0,0,0,0,0,0,0,0,0,0,1
0,0,1,0,0,1,0.2844,0,1,0,0,0,0,0,0,0,0,0,0,1,0,0,0,0,0,0,0,0,1
1,0,0,0,0,4,0.1148,0,1,0,0,0,0,1,0,0,0,0,0,0,0,0,0,0,0,0,0,1,0
1,0,0,0,0,4,0.2148,0,0,1,0,0,0,1,0,0,0,0,0,0,0,0,0,0,0,0,0,1,0
0,0,1,0,0,2,0.2163,1,0,0,0,0,0,0,0,1,0,0,0,0,0,0,0,0,0,0,0,1,0
1,0,0,0,0,4,0.143,0,1,0,0,0,0,1,0,0,0,0,0,0,0,0,0,0,0,0,0,1,0
0,1,0,0,0,4,0.3126,0,0,0,1,0,0,0,1,0,0,0,0,0,0,0,0,0,0,0,0,1,0
1,0,0,0,0,4,0.1711,1,0,0,0,0,0,1,0,0,0,0,0,0,0,0,0,0,0,0,0,1,0
1,0,0,0,0,4,0.1711,1,0,0,0,0,0,1,0,0,0,0,0,0,0,0,0,0,0,0,0,1,0
1,0,0,0,0,4,0.1711,1,0,0,0,0,0,1,0,0,0,0,0,0,0,0,0,0,0,0,0,1,0
1,0,0,0,0,4,0.0056,1,0,0,0,0,0,1,0,0,0,0,0,0,0,0,0,0,0,0,0,1,0
1,0,0,0,0,4,0.0645,0,0,0,1,0,0,1,0,0,0,0,0,0,0,0,0,0,0,0,0,1,0
1,0,0,0,0,4,0.0056,1,0,0,0,0,0,1,0,0,0,0,0,0,0,0,0,0,0,0,0,1,0
1,0,0,0,0,4,0.1519,0,1,0,0,0,0,1,0,0,0,0,0,0,0,0,0,0,0,0,0,1,0
0,0,1,0,0,2,0.3138,0,1,0,0,0,0,0,0,1,0,0,0,0,0,0,0,0,0,0,0,1,0
0,0,0,1,0,4,0.2188,0,0,0,0,1,0,0,0,0,0,0,1,0,0,0,0,0,0,0,0,1,0
0,0,1,0,0,1,0.517,0,1,0,0,0,0,0,0,0,0,0,0,1,0,0,0,0,0,0,0,0,1
0,0,1,0,0,2,0.4371,1,0,0,0,0,0,0,0,1,0,0,0,0,0,0,0,0,0,0,0,1,0
0,0,1,0,0,2,0.2703,0,1,0,0,0,0,0,0,1,0,0,0,0,0,0,0,0,0,0,0,1,0
0,0,0,1,0,4,0.2189,0,0,0,0,1,0,0,0,0,0,0,1,0,0,0,0,0,0,0,0,1,0
0,0,1,0,0,1,0.517,0,1,0,0,0,0,0,0,0,0,0,0,1,0,0,0,0,0,0,0,0,1
0,0,1,0,0,2,0.4371,1,0,0,0,0,0,0,0,1,0,0,0,0,0,0,0,0,0,0,0,1,0
0,0,1,0,0,2,0.3112,0,1,0,0,0,0,0,0,1,0,0,0,0,0,0,0,0,0,0,0,1,0
1,0,0,0,0,4,0.1812,0,1,0,0,0,0,1,0,0,0,0,0,0,0,0,0,0,0,0,0,1,0
1,0,0,0,0,4,0.1775,0,0,1,0,0,0,1,0,0,0,0,0,0,0,0,0,0,0,0,0,1,0
1,0,0,0,0,4,0.1904,0,0,1,0,0,0,1,0,0,0,0,0,0,0,0,0,0,0,0,0,1,0
1,0,0,0,0,4,0.231,0,0,1,0,0,0,1,0,0,0,0,0,0,0,0,0,0,0,0,0,1,0
1,0,0,0,0,4,0.2408,0,0,1,0,0,0,1,0,0,0,0,0,0,0,0,0,0,0,0,0,1,0
0,0,1,0,0,2,0.3307,0,1,0,0,0,0,0,0,1,0,0,0,0,0,0,0,0,0,0,0,1,0
0,1,0,0,0,3,0.2693,0,0,1,0,0,0,0,0,0,0,0,0,0,1,0,0,0,0,0,0,0,1
1,0,0,0,0,3,0.1816,0,0,1,0,0,0,0,0,0,0,0,0,0,0,1,0,0,0,0,0,0,1
0,1,0,0,0,2,0.2193,0,0,1,0,0,0,0,0,0,0,0,0,0,1,0,0,0,0,0,0,0,1
1,0,0,0,0,3,0.1518,0,0,0,1,0,0,0,0,0,0,0,0,0,0,1,0,0,0,0,0,0,1
1,0,0,0,0,3,0.1919,0,0,0,1,0,0,0,0,0,0,0,0,0,0,1,0,0,0,0,0,0,1
0,1,0,0,0,2,0.204,0,0,1,0,0,0,0,0,0,0,0,0,0,1,0,0,0,0,0,0,0,1
1,0,0,0,0,3,0.2016,0,0,1,0,0,0,0,0,0,0,0,0,0,0,1,0,0,0,0,0,0,1
0,1,0,0,0,2,0.2048,0,0,1,0,0,0,0,0,0,0,0,0,0,1,0,0,0,0,0,0,0,1
1,0,0,0,0,3,0.1692,0,0,0,1,0,0,0,0,0,0,0,0,0,0,1,0,0,0,0,0,0,1
0,1,0,0,0,3,0.1054,1,0,0,0,0,0,0,0,0,0,0,0,0,0,0,1,0,0,0,0,0,1
0,0,1,0,0,2,0.2156,1,0,0,0,0,0,0,0,1,0,0,0,0,0,0,0,0,0,0,0,1,0
0,0,1,0,0,2,0.2674,0,1,0,0,0,0,0,0,1,0,0,0,0,0,0,0,0,0,0,0,1,0
0,0,0,1,0,4,0.5327,0,0,0,0,1,0,0,0,0,0,0,1,0,0,0,0,0,0,0,0,1,0
0,0,1,0,0,1,0.2224,0,1,0,0,0,0,0,0,0,0,0,0,1,0,0,0,0,0,0,0,0,1
0,0,1,0,0,2,0.1145,1,0,0,0,0,0,0,0,1,0,0,0,0,0,0,0,0,0,0,0,1,0
0,0,1,0,0,2,0.1145,1,0,0,0,0,0,0,0,1,0,0,0,0,0,0,0,0,0,0,0,1,0
1,0,0,0,0,4,0.2312,0,0,1,0,0,0,1,0,0,0,0,0,0,0,0,0,0,0,0,0,1,0
1,0,0,0,0,3,0.2719,0,0,0,1,0,0,0,0,0,1,0,0,0,0,0,0,0,0,0,0,0,1
0,0,1,0,0,1,0.2706,0,1,0,0,0,0,0,0,0,0,0,0,1,0,0,0,0,0,0,0,0,1
0,1,0,0,0,3,0.2028,0,1,0,0,0,0,0,0,0,0,0,0,0,0,0,0,1,0,0,0,0,1
1,0,0,0,0,4,0.1248,0,1,0,0,0,0,1,0,0,0,0,0,0,0,0,0,0,0,0,0,1,0
1,0,0,0,0,4,0.1102,0,1,0,0,0,0,1,0,0,0,0,0,0,0,0,0,0,0,0,0,1,0
1,0,0,0,0,3,0.2432,0,0,0,1,0,0,0,0,0,1,0,0,0,0,0,0,0,0,0,0,0,1
0,0,1,0,0,1,0.2733,0,1,0,0,0,0,0,0,0,0,0,0,1,0,0,0,0,0,0,0,0,1
0,1,0,0,0,3,0.2044,0,1,0,0,0,0,0,0,0,0,0,0,0,0,0,0,1,0,0,0,0,1
1,0,0,0,0,4,0.1272,0,1,0,0,0,0,1,0,0,0,0,0,0,0,0,0,0,0,0,0,1,0
1,0,0,0,0,4,0.0887,0,1,0,0,0,0,1,0,0,0,0,0,0,0,0,0,0,0,0,0,1,0
0,0,0,0,1,2,0.0709,0,1,0,0,0,0,0,0,0,0,0,0,0,0,0,0,0,1,0,0,1,0
1,0,0,0,0,3,0.2215,0,0,0,1,0,0,0,0,0,1,0,0,0,0,0,0,0,0,0,0,0,1
0,0,1,0,0,1,0.2797,0,1,0,0,0,0,0,0,0,0,0,0,1,0,0,0,0,0,0,0,0,1
1,0,0,0,0,3,0.0499,0,0,1,0,0,0,0,0,0,1,0,0,0,0,0,0,0,0,0,0,0,1
1,0,0,0,0,3,0.0381,0,0,1,0,0,0,0,0,0,1,0,0,0,0,0,0,0,0,0,0,0,1
1,0,0,0,0,4,0.1367,0,1,0,0,0,0,1,0,0,0,0,0,0,0,0,0,0,0,0,0,1,0
0,1,0,0,0,4,0.314,0,0,0,1,0,0,0,1,0,0,0,0,0,0,0,0,0,0,0,0,1,0
1,0,0,0,0,4,0.1713,1,0,0,0,0,0,1,0,0,0,0,0,0,0,0,0,0,0,0,0,1,0
1,0,0,0,0,4,0.1713,1,0,0,0,0,0,1,0,0,0,0,0,0,0,0,0,0,0,0,0,1,0
1,0,0,0,0,4,0.1713,1,0,0,0,0,0,1,0,0,0,0,0,0,0,0,0,0,0,0,0,1,0
0,0,1,0,0,2,0.2131,1,0,0,0,0,0,0,0,1,0,0,0,0,0,0,0,0,0,0,0,1,0
1,0,0,0,0,4,0.0056,1,0,0,0,0,0,1,0,0,0,0,0,0,0,0,0,0,0,0,0,1,0
1,0,0,0,0,4,0.0645,0,0,0,1,0,0,1,0,0,0,0,0,0,0,0,0,0,0,0,0,1,0
1,0,0,0,0,4,0.0056,1,0,0,0,0,0,1,0,0,0,0,0,0,0,0,0,0,0,0,0,1,0
1,0,0,0,0,4,0.1519,0,1,0,0,0,0,1,0,0,0,0,0,0,0,0,0,0,0,0,0,1,0
0,0,1,0,0,2,0.3138,0,1,0,0,0,0,0,0,1,0,0,0,0,0,0,0,0,0,0,0,1,0
0,0,0,1,0,4,0.2188,0,0,0,0,1,0,0,0,0,0,0,1,0,0,0,0,0,0,0,0,1,0
0,0,1,0,0,1,0.517,0,1,0,0,0,0,0,0,0,0,0,0,1,0,0,0,0,0,0,0,0,1
0,0,1,0,0,1,0.4371,1,0,0,0,0,0,0,0,0,0,1,0,0,0,0,0,0,0,0,0,1,0
0,0,1,0,0,2,0.2703,0,1,0,0,0,0,0,0,1,0,0,0,0,0,0,0,0,0,0,0,1,0
0,0,0,1,0,4,0.2189,0,0,0,0,1,0,0,0,0,0,0,1,0,0,0,0,0,0,0,0,1,0
0,0,1,0,0,1,0.517,0,1,0,0,0,0,0,0,0,0,0,0,1,0,0,0,0,0,0,0,0,1
0,0,1,0,0,1,0.4371,1,0,0,0,0,0,0,0,0,0,1,0,0,0,0,0,0,0,0,0,1,0
0,0,1,0,0,2,0.3112,0,1,0,0,0,0,0,0,1,0,0,0,0,0,0,0,0,0,0,0,1,0
1,0,0,0,0,4,0.1812,0,1,0,0,0,0,1,0,0,0,0,0,0,0,0,0,0,0,0,0,1,0
1,0,0,0,0,4,0.1772,0,0,1,0,0,0,1,0,0,0,0,0,0,0,0,0,0,0,0,0,1,0
1,0,0,0,0,4,0.1819,0,0,1,0,0,0,1,0,0,0,0,0,0,0,0,0,0,0,0,0,1,0
1,0,0,0,0,4,0.2307,0,0,1,0,0,0,1,0,0,0,0,0,0,0,0,0,0,0,0,0,1,0
1,0,0,0,0,4,0.2408,0,0,1,0,0,0,1,0,0,0,0,0,0,0,0,0,0,0,0,0,1,0
0,0,1,0,0,2,0.3307,0,1,0,0,0,0,0,0,1,0,0,0,0,0,0,0,0,0,0,0,1,0
0,1,0,0,0,3,0.2693,0,0,1,0,0,0,0,0,0,0,0,0,0,1,0,0,0,0,0,0,0,1
1,0,0,0,0,3,0.1816,0,0,1,0,0,0,0,0,0,0,0,0,0,0,1,0,0,0,0,0,0,1
0,1,0,0,0,2,0.2193,0,0,1,0,0,0,0,0,0,0,0,0,0,1,0,0,0,0,0,0,0,1
1,0,0,0,0,3,0.1518,0,0,0,1,0,0,0,0,0,0,0,0,0,0,1,0,0,0,0,0,0,1
1,0,0,0,0,3,0.1919,0,0,0,1,0,0,0,0,0,0,0,0,0,0,1,0,0,0,0,0,0,1
0,1,0,0,0,2,0.204,0,0,1,0,0,0,0,0,0,0,0,0,0,1,0,0,0,0,0,0,0,1
1,0,0,0,0,3,0.2016,0,0,1,0,0,0,0,0,0,0,0,0,0,0,1,0,0,0,0,0,0,1
0,1,0,0,0,2,0.2048,0,0,1,0,0,0,0,0,0,0,0,0,0,1,0,0,0,0,0,0,0,1
1,0,0,0,0,3,0.1692,0,0,0,1,0,0,0,0,0,0,0,0,0,0,1,0,0,0,0,0,0,1
0,1,0,0,0,3,0.1054,1,0,0,0,0,0,0,0,0,0,0,0,0,0,0,1,0,0,0,0,0,1
0,0,1,0,0,2,0.2156,1,0,0,0,0,0,0,0,1,0,0,0,0,0,0,0,0,0,0,0,1,0
0,0,1,0,0,2,0.3514,0,1,0,0,0,0,0,0,1,0,0,0,0,0,0,0,0,0,0,0,1,0
0,0,0,1,0,4,0.0139,0,0,0,0,1,0,0,0,0,0,0,1,0,0,0,0,0,0,0,0,1,0
0,0,1,0,0,1,0.6377,0,1,0,0,0,0,0,0,0,0,0,0,1,0,0,0,0,0,0,0,0,1
0,0,1,0,0,1,0.577,1,0,0,0,0,0,0,0,0,0,1,0,0,0,0,0,0,0,0,0,1,0
0,0,1,0,0,1,0.577,1,0,0,0,0,0,0,0,0,0,1,0,0,0,0,0,0,0,0,0,1,0
1,0,0,0,0,4,0.2312,0,0,1,0,0,0,1,0,0,0,0,0,0,0,0,0,0,0,0,0,1,0
1,0,0,0,0,3,0.2719,0,0,0,1,0,0,0,0,0,1,0,0,0,0,0,0,0,0,0,0,0,1
0,0,1,0,0,1,0.2706,0,1,0,0,0,0,0,0,0,0,0,0,1,0,0,0,0,0,0,0,0,1
0,1,0,0,0,3,0.2028,0,1,0,0,0,0,0,0,0,0,0,0,0,0,0,0,1,0,0,0,0,1
1,0,0,0,0,4,0.1248,0,1,0,0,0,0,1,0,0,0,0,0,0,0,0,0,0,0,0,0,1,0
1,0,0,0,0,4,0.1102,0,1,0,0,0,0,1,0,0,0,0,0,0,0,0,0,0,0,0,0,1,0
1,0,0,0,0,3,0.2432,0,0,0,1,0,0,0,0,0,1,0,0,0,0,0,0,0,0,0,0,0,1
0,0,1,0,0,1,0.2733,0,1,0,0,0,0,0,0,0,0,0,0,1,0,0,0,0,0,0,0,0,1
0,1,0,0,0,3,0.2044,0,1,0,0,0,0,0,0,0,0,0,0,0,0,0,0,1,0,0,0,0,1
1,0,0,0,0,4,0.1272,0,1,0,0,0,0,1,0,0,0,0,0,0,0,0,0,0,0,0,0,1,0
1,0,0,0,0,4,0.0883,0,1,0,0,0,0,1,0,0,0,0,0,0,0,0,0,0,0,0,0,1,0
0,0,0,0,1,2,0.0753,0,1,0,0,0,0,0,0,0,0,0,0,0,0,0,0,0,1,0,0,1,0
1,0,0,0,0,3,0.199,0,0,0,1,0,0,0,0,0,1,0,0,0,0,0,0,0,0,0,0,0,1
0,0,1,0,0,1,0.2845,0,1,0,0,0,0,0,0,0,0,0,0,1,0,0,0,0,0,0,0,0,1
1,0,0,0,0,4,0.0819,0,1,0,0,0,0,1,0,0,0,0,0,0,0,0,0,0,0,0,0,1,0
1,0,0,0,0,4,0.0697,0,1,0,0,0,0,1,0,0,0,0,0,0,0,0,0,0,0,0,0,1,0
1,0,0,0,0,4,0.1097,0,1,0,0,0,0,1,0,0,0,0,0,0,0,0,0,0,0,0,0,1,0
0,1,0,0,0,4,0.3106,0,0,0,1,0,0,0,1,0,0,0,0,0,0,0,0,0,0,0,0,1,0
1,0,0,0,0,4,0.171,1,0,0,0,0,0,1,0,0,0,0,0,0,0,0,0,0,0,0,0,1,0
1,0,0,0,0,4,0.171,1,0,0,0,0,0,1,0,0,0,0,0,0,0,0,0,0,0,0,0,1,0
1,0,0,0,0,4,0.171,1,0,0,0,0,0,1,0,0,0,0,0,0,0,0,0,0,0,0,0,1,0
0,0,1,0,0,2,0.2131,1,0,0,0,0,0,0,0,1,0,0,0,0,0,0,0,0,0,0,0,1,0
1,0,0,0,0,4,0.108,1,0,0,0,0,0,1,0,0,0,0,0,0,0,0,0,0,0,0,0,1,0
1,0,0,0,0,3,0.2065,0,0,0,1,0,0,0,0,0,0,0,0,0,0,1,0,0,0,0,0,0,1
1,0,0,0,0,3,0.0744,0,0,0,1,0,0,0,0,0,0,0,0,0,0,1,0,0,0,0,0,0,1
1,0,0,0,0,4,0.0744,0,1,0,0,0,0,1,0,0,0,0,0,0,0,0,0,0,0,0,0,1,0
1,0,0,0,0,4,0.1875,0,1,0,0,0,0,1,0,0,0,0,0,0,0,0,0,0,0,0,0,1,0
0,0,1,0,0,2,0.22,1,0,0,0,0,0,0,0,1,0,0,0,0,0,0,0,0,0,0,0,1,0
0,0,0,0,1,2,0.011,0,1,0,0,0,0,0,0,0,0,0,0,0,0,0,0,0,0,0,1,0,1
1,0,0,0,0,3,0.3279,0,0,1,0,0,0,0,0,0,0,0,0,0,0,1,0,0,0,0,0,0,1
0,1,0,0,0,3,0.1579,0,0,0,1,0,0,0,0,0,0,0,0,0,1,0,0,0,0,0,0,0,1
1,0,0,0,0,4,0.3547,0,1,0,0,0,0,1,0,0,0,0,0,0,0,0,0,0,0,0,0,1,0
1,0,0,0,0,3,0.1094,0,0,0,1,0,0,0,0,0,0,0,0,0,0,1,0,0,0,0,0,0,1
1,0,0,0,0,3,0.1056,0,0,1,0,0,0,0,0,0,0,0,0,0,0,1,0,0,0,0,0,0,1
0,1,0,0,0,2,0.2292,0,0,1,0,0,0,0,0,0,0,0,0,0,1,0,0,0,0,0,0,0,1
1,0,0,0,0,3,0.1411,0,0,0,1,0,0,0,0,0,0,0,0,0,0,1,0,0,0,0,0,0,1
1,0,0,0,0,4,0.0737,1,0,0,0,0,0,1,0,0,0,0,0,0,0,0,0,0,0,0,0,1,0
0,1,0,0,0,2,0.2128,0,0,1,0,0,0,0,0,0,0,0,0,0,1,0,0,0,0,0,0,0,1
1,0,0,0,0,3,0.175,0,0,0,1,0,0,0,0,0,0,0,0,0,0,1,0,0,0,0,0,0,1
0,1,0,0,0,3,0.1072,1,0,0,0,0,0,0,0,0,0,0,0,0,0,0,1,0,0,0,0,0,1
0,1,0,0,0,3,0.1054,1,0,0,0,0,0,0,0,0,0,0,0,0,0,0,1,0,0,0,0,0,1
1,0,0,0,0,3,0.1919,0,0,0,1,0,0,0,0,0,0,0,0,0,0,1,0,0,0,0,0,0,1
0,1,0,0,0,2,0.204,0,0,1,0,0,0,0,0,0,0,0,0,0,1,0,0,0,0,0,0,0,1
1,0,0,0,0,3,0.2016,0,0,1,0,0,0,0,0,0,0,0,0,0,0,1,0,0,0,0,0,0,1
0,1,0,0,0,2,0.2048,0,0,1,0,0,0,0,0,0,0,0,0,0,1,0,0,0,0,0,0,0,1
1,0,0,0,0,3,0.1692,0,0,0,1,0,0,0,0,0,0,0,0,0,0,1,0,0,0,0,0,0,1
1,0,0,0,0,3,0.1518,0,0,0,1,0,0,0,0,0,0,0,0,0,0,1,0,0,0,0,0,0,1
0,1,0,0,0,2,0.2193,0,0,1,0,0,0,0,0,0,0,0,0,0,1,0,0,0,0,0,0,0,1
1,0,0,0,0,3,0.1816,0,0,1,0,0,0,0,0,0,0,0,0,0,0,1,0,0,0,0,0,0,1
0,1,0,0,0,3,0.2693,0,0,1,0,0,0,0,0,0,0,0,0,0,1,0,0,0,0,0,0,0,1
1,0,0,0,0,4,0.2409,0,0,0,1,0,0,1,0,0,0,0,0,0,0,0,0,0,0,0,0,1,0
0,0,1,0,0,2,0.3306,0,1,0,0,0,0,0,0,1,0,0,0,0,0,0,0,0,0,0,0,1,0
1,0,0,0,0,4,0.1801,0,0,0,1,0,0,1,0,0,0,0,0,0,0,0,0,0,0,0,0,1,0
1,0,0,0,0,4,0.1813,0,1,0,0,0,0,1,0,0,0,0,0,0,0,0,0,0,0,0,0,1,0
0,0,1,0,0,2,0.3112,0,1,0,0,0,0,0,0,1,0,0,0,0,0,0,0,0,0,0,0,1,0
0,0,0,1,0,4,0.2189,0,0,0,0,1,0,0,0,0,0,0,1,0,0,0,0,0,0,0,0,1,0
0,0,1,0,0,2,0.4371,1,0,0,0,0,0,0,0,1,0,0,0,0,0,0,0,0,0,0,0,1,0
0,0,1,0,0,1,0.517,0,1,0,0,0,0,0,0,0,0,0,0,1,0,0,0,0,0,0,0,0,1
0,0,1,0,0,2,0.27,0,1,0,0,0,0,0,0,1,0,0,0,0,0,0,0,0,0,0,0,1,0
0,0,0,1,0,4,0.2277,0,0,0,0,1,0,0,0,0,0,0,1,0,0,0,0,0,0,0,0,1,0
0,0,1,0,0,2,0.4368,1,0,0,0,0,0,0,0,1,0,0,0,0,0,0,0,0,0,0,0,1,0
0,0,1,0,0,1,0.5168,0,1,0,0,0,0,0,0,0,0,0,0,1,0,0,0,0,0,0,0,0,1
0,0,1,0,0,2,0.2258,0,1,0,0,0,0,0,0,1,0,0,0,0,0,0,0,0,0,0,0,1,0
0,0,0,1,0,4,0.5373,0,0,0,0,1,0,0,0,0,0,0,1,0,0,0,0,0,0,0,0,1,0
0,0,1,0,0,2,0.1143,1,0,0,0,0,0,0,0,1,0,0,0,0,0,0,0,0,0,0,0,1,0
0,0,1,0,0,2,0.1143,1,0,0,0,0,0,0,0,1,0,0,0,0,0,0,0,0,0,0,0,1,0
0,0,1,0,0,1,0.2221,0,1,0,0,0,0,0,0,0,0,0,0,1,0,0,0,0,0,0,0,0,1
1,0,0,0,0,4,0.2161,0,0,0,1,0,0,1,0,0,0,0,0,0,0,0,0,0,0,0,0,1,0
0,0,1,0,0,2,0.2175,1,0,0,0,0,0,0,0,1,0,0,0,0,0,0,0,0,0,0,0,1,0
1,0,0,0,0,4,0.2337,0,0,0,1,0,0,1,0,0,0,0,0,0,0,0,0,0,0,0,0,1,0
0,0,1,0,0,2,0.2155,1,0,0,0,0,0,0,0,1,0,0,0,0,0,0,0,0,0,0,0,1,0
0,1,0,0,0,3,0.1054,1,0,0,0,0,0,0,0,0,0,0,0,0,0,0,1,0,0,0,0,0,1
1,0,0,0,0,3,0.1919,0,0,0,1,0,0,0,0,0,0,0,0,0,0,1,0,0,0,0,0,0,1
1,0,0,0,0,3,0.1518,0,0,0,1,0,0,0,0,0,0,0,0,0,0,1,0,0,0,0,0,0,1
0,1,0,0,0,2,0.2193,0,0,1,0,0,0,0,0,0,0,0,0,0,1,0,0,0,0,0,0,0,1
1,0,0,0,0,3,0.1816,0,0,1,0,0,0,0,0,0,0,0,0,0,0,1,0,0,0,0,0,0,1
0,1,0,0,0,3,0.2693,0,0,1,0,0,0,0,0,0,0,0,0,0,1,0,0,0,0,0,0,0,1
1,0,0,0,0,4,0.2409,0,0,0,1,0,0,1,0,0,0,0,0,0,0,0,0,0,0,0,0,1,0
0,0,1,0,0,2,0.3306,0,1,0,0,0,0,0,0,1,0,0,0,0,0,0,0,0,0,0,0,1,0
1,0,0,0,0,4,0.1803,0,0,0,1,0,0,1,0,0,0,0,0,0,0,0,0,0,0,0,0,1,0
1,0,0,0,0,4,0.1859,0,1,0,0,0,0,1,0,0,0,0,0,0,0,0,0,0,0,0,0,1,0
0,0,1,0,0,2,0.2675,0,1,0,0,0,0,0,0,1,0,0,0,0,0,0,0,0,0,0,0,1,0
0,0,0,1,0,4,0.5327,0,0,0,0,1,0,0,0,0,0,0,1,0,0,0,0,0,0,0,0,1,0
0,0,1,0,0,2,0.1145,1,0,0,0,0,0,0,0,1,0,0,0,0,0,0,0,0,0,0,0,1,0
0,0,1,0,0,2,0.1145,1,0,0,0,0,0,0,0,1,0,0,0,0,0,0,0,0,0,0,0,1,0
0,0,1,0,0,1,0.2224,0,1,0,0,0,0,0,0,0,0,0,0,1,0,0,0,0,0,0,0,0,1
1,0,0,0,0,4,0.2161,0,0,0,1,0,0,1,0,0,0,0,0,0,0,0,0,0,0,0,0,1,0
0,0,1,0,0,2,0.2175,1,0,0,0,0,0,0,0,1,0,0,0,0,0,0,0,0,0,0,0,1,0
1,0,0,0,0,4,0.2337,0,0,0,1,0,0,1,0,0,0,0,0,0,0,0,0,0,0,0,0,1,0
0,0,1,0,0,2,0.2155,1,0,0,0,0,0,0,0,1,0,0,0,0,0,0,0,0,0,0,0,1,0
1,0,0,0,0,3,0.1692,0,0,0,1,0,0,0,0,0,0,0,0,0,0,1,0,0,0,0,0,0,1
0,1,0,0,0,2,0.2048,0,0,1,0,0,0,0,0,0,0,0,0,0,1,0,0,0,0,0,0,0,1
1,0,0,0,0,3,0.2016,0,0,1,0,0,0,0,0,0,0,0,0,0,0,1,0,0,0,0,0,0,1
0,1,0,0,0,2,0.204,0,0,1,0,0,0,0,0,0,0,0,0,0,1,0,0,0,0,0,0,0,1
1,0,0,0,0,4,0.108,1,0,0,0,0,0,1,0,0,0,0,0,0,0,0,0,0,0,0,0,1,0
1,0,0,0,0,3,0.2065,0,0,0,1,0,0,0,0,0,0,0,0,0,0,1,0,0,0,0,0,0,1
1,0,0,0,0,3,0.0743,0,0,0,1,0,0,0,0,0,0,0,0,0,0,1,0,0,0,0,0,0,1
1,0,0,0,0,4,0.0713,0,1,0,0,0,0,1,0,0,0,0,0,0,0,0,0,0,0,0,0,1,0
1,0,0,0,0,4,0.1545,0,1,0,0,0,0,1,0,0,0,0,0,0,0,0,0,0,0,0,0,1,0
0,0,1,0,0,2,0.3134,0,1,0,0,0,0,0,0,1,0,0,0,0,0,0,0,0,0,0,0,1,0
0,0,0,1,0,4,0.223,0,0,0,0,1,0,0,0,0,0,0,1,0,0,0,0,0,0,0,0,1,0
0,0,1,0,0,2,0.437,1,0,0,0,0,0,0,0,1,0,0,0,0,0,0,0,0,0,0,0,1,0
0,0,1,0,0,1,0.5169,0,1,0,0,0,0,0,0,0,0,0,0,1,0,0,0,0,0,0,0,0,1
0,0,1,0,0,2,0.2261,0,1,0,0,0,0,0,0,1,0,0,0,0,0,0,0,0,0,0,0,1,0
0,0,0,1,0,4,0.5373,0,0,0,0,1,0,0,0,0,0,0,1,0,0,0,0,0,0,0,0,1,0
0,0,1,0,0,2,0.1143,1,0,0,0,0,0,0,0,1,0,0,0,0,0,0,0,0,0,0,0,1,0
0,0,1,0,0,2,0.1143,1,0,0,0,0,0,0,0,1,0,0,0,0,0,0,0,0,0,0,0,1,0
0,0,1,0,0,1,0.2221,0,1,0,0,0,0,0,0,0,0,0,0,1,0,0,0,0,0,0,0,0,1
0,0,0,0,1,2,0.011,0,1,0,0,0,0,0,0,0,0,0,0,0,0,0,0,0,0,0,1,0,1
1,0,0,0,0,3,0.3279,0,0,1,0,0,0,0,0,0,0,0,0,0,0,1,0,0,0,0,0,0,1
0,1,0,0,0,3,0.1579,0,0,0,1,0,0,0,0,0,0,0,0,0,1,0,0,0,0,0,0,0,1
1,0,0,0,0,4,0.3547,0,1,0,0,0,0,1,0,0,0,0,0,0,0,0,0,0,0,0,0,1,0
1,0,0,0,0,3,0.1094,0,0,0,1,0,0,0,0,0,0,0,0,0,0,1,0,0,0,0,0,0,1
1,0,0,0,0,3,0.1056,0,0,1,0,0,0,0,0,0,0,0,0,0,0,1,0,0,0,0,0,0,1
0,1,0,0,0,2,0.2292,0,0,1,0,0,0,0,0,0,0,0,0,0,1,0,0,0,0,0,0,0,1
1,0,0,0,0,3,0.1411,0,0,0,1,0,0,0,0,0,0,0,0,0,0,1,0,0,0,0,0,0,1
1,0,0,0,0,4,0.0737,1,0,0,0,0,0,1,0,0,0,0,0,0,0,0,0,0,0,0,0,1,0
0,1,0,0,0,2,0.2128,0,0,1,0,0,0,0,0,0,0,0,0,0,1,0,0,0,0,0,0,0,1
1,0,0,0,0,3,0.175,0,0,0,1,0,0,0,0,0,0,0,0,0,0,1,0,0,0,0,0,0,1
0,1,0,0,0,3,0.1072,1,0,0,0,0,0,0,0,0,0,0,0,0,0,0,1,0,0,0,0,0,1
1,0,0,0,0,4,0.108,1,0,0,0,0,0,1,0,0,0,0,0,0,0,0,0,0,0,0,0,1,0
1,0,0,0,0,3,0.2065,0,0,0,1,0,0,0,0,0,0,0,0,0,0,1,0,0,0,0,0,0,1
1,0,0,0,0,3,0.0743,0,0,0,1,0,0,0,0,0,0,0,0,0,0,1,0,0,0,0,0,0,1
1,0,0,0,0,4,0.0715,0,1,0,0,0,0,1,0,0,0,0,0,0,0,0,0,0,0,0,0,1,0
1,0,0,0,0,4,0.1592,0,1,0,0,0,0,1,0,0,0,0,0,0,0,0,0,0,0,0,0,1,0
0,0,1,0,0,2,0.2699,0,1,0,0,0,0,0,0,1,0,0,0,0,0,0,0,0,0,0,0,1,0
0,0,0,1,0,4,0.5326,0,0,0,0,1,0,0,0,0,0,0,1,0,0,0,0,0,0,0,0,1,0
0,0,1,0,0,2,0.1145,1,0,0,0,0,0,0,0,1,0,0,0,0,0,0,0,0,0,0,0,1,0
0,0,1,0,0,2,0.1145,1,0,0,0,0,0,0,0,1,0,0,0,0,0,0,0,0,0,0,0,1,0
0,0,1,0,0,1,0.2224,0,1,0,0,0,0,0,0,0,0,0,0,1,0,0,0,0,0,0,0,0,1
0,0,0,0,1,2,0.011,0,1,0,0,0,0,0,0,0,0,0,0,0,0,0,0,0,0,0,1,0,1
1,0,0,0,0,3,0.3279,0,0,1,0,0,0,0,0,0,0,0,0,0,0,1,0,0,0,0,0,0,1
0,1,0,0,0,3,0.1579,0,0,0,1,0,0,0,0,0,0,0,0,0,1,0,0,0,0,0,0,0,1
1,0,0,0,0,4,0.3547,0,1,0,0,0,0,1,0,0,0,0,0,0,0,0,0,0,0,0,0,1,0
1,0,0,0,0,3,0.1094,0,0,0,1,0,0,0,0,0,0,0,0,0,0,1,0,0,0,0,0,0,1
1,0,0,0,0,3,0.1056,0,0,1,0,0,0,0,0,0,0,0,0,0,0,1,0,0,0,0,0,0,1
0,1,0,0,0,2,0.2292,0,0,1,0,0,0,0,0,0,0,0,0,0,1,0,0,0,0,0,0,0,1
1,0,0,0,0,3,0.1411,0,0,0,1,0,0,0,0,0,0,0,0,0,0,1,0,0,0,0,0,0,1
1,0,0,0,0,4,0.0737,1,0,0,0,0,0,1,0,0,0,0,0,0,0,0,0,0,0,0,0,1,0
0,1,0,0,0,2,0.2128,0,0,1,0,0,0,0,0,0,0,0,0,0,1,0,0,0,0,0,0,0,1
1,0,0,0,0,3,0.175,0,0,0,1,0,0,0,0,0,0,0,0,0,0,1,0,0,0,0,0,0,1
0,1,0,0,0,3,0.1072,1,0,0,0,0,0,0,0,0,0,0,0,0,0,0,1,0,0,0,0,0,1
1,0,0,0,0,4,0.108,1,0,0,0,0,0,1,0,0,0,0,0,0,0,0,0,0,0,0,0,1,0
1,0,0,0,0,3,0.2065,0,0,0,1,0,0,0,0,0,0,0,0,0,0,1,0,0,0,0,0,0,1
1,0,0,0,0,3,0.0743,0,0,0,1,0,0,0,0,0,0,0,0,0,0,1,0,0,0,0,0,0,1
1,0,0,0,0,4,0.0713,0,1,0,0,0,0,1,0,0,0,0,0,0,0,0,0,0,0,0,0,1,0
1,0,0,0,0,4,0.1545,0,1,0,0,0,0,1,0,0,0,0,0,0,0,0,0,0,0,0,0,1,0
0,0,1,0,0,2,0.3135,0,1,0,0,0,0,0,0,1,0,0,0,0,0,0,0,0,0,0,0,1,0
0,0,0,1,0,4,0.2188,0,0,0,0,1,0,0,0,0,0,0,1,0,0,0,0,0,0,0,0,1,0
0,0,1,0,0,2,0.4371,1,0,0,0,0,0,0,0,1,0,0,0,0,0,0,0,0,0,0,0,1,0
0,0,1,0,0,1,0.517,0,1,0,0,0,0,0,0,0,0,0,0,1,0,0,0,0,0,0,0,0,1
0,0,1,0,0,2,0.27,0,1,0,0,0,0,0,0,1,0,0,0,0,0,0,0,0,0,0,0,1,0
0,0,0,1,0,4,0.2277,0,0,0,0,1,0,0,0,0,0,0,1,0,0,0,0,0,0,0,0,1,0
0,0,1,0,0,2,0.4368,1,0,0,0,0,0,0,0,1,0,0,0,0,0,0,0,0,0,0,0,1,0
0,0,1,0,0,1,0.5168,0,1,0,0,0,0,0,0,0,0,0,0,1,0,0,0,0,0,0,0,0,1
0,0,1,0,0,2,0.2258,0,1,0,0,0,0,0,0,1,0,0,0,0,0,0,0,0,0,0,0,1,0
0,0,0,1,0,4,0.5373,0,0,0,0,1,0,0,0,0,0,0,1,0,0,0,0,0,0,0,0,1,0
0,0,1,0,0,2,0.1143,1,0,0,0,0,0,0,0,1,0,0,0,0,0,0,0,0,0,0,0,1,0
0,0,1,0,0,2,0.1143,1,0,0,0,0,0,0,0,1,0,0,0,0,0,0,0,0,0,0,0,1,0
0,0,1,0,0,1,0.2221,0,1,0,0,0,0,0,0,0,0,0,0,1,0,0,0,0,0,0,0,0,1
0,0,0,0,1,2,0.011,0,1,0,0,0,0,0,0,0,0,0,0,0,0,0,0,0,0,0,1,0,1
1,0,0,0,0,3,0.3279,0,0,1,0,0,0,0,0,0,0,0,0,0,0,1,0,0,0,0,0,0,1
0,1,0,0,0,3,0.1579,0,0,0,1,0,0,0,0,0,0,0,0,0,1,0,0,0,0,0,0,0,1
1,0,0,0,0,4,0.3547,0,1,0,0,0,0,1,0,0,0,0,0,0,0,0,0,0,0,0,0,1,0
1,0,0,0,0,3,0.1094,0,0,0,1,0,0,0,0,0,0,0,0,0,0,1,0,0,0,0,0,0,1
1,0,0,0,0,3,0.175,0,0,0,1,0,0,0,0,0,0,0,0,0,0,1,0,0,0,0,0,0,1
0,1,0,0,0,3,0.1072,1,0,0,0,0,0,0,0,0,0,0,0,0,0,0,1,0,0,0,0,0,1
0,1,0,0,0,2,0.2128,0,0,1,0,0,0,0,0,0,0,0,0,0,1,0,0,0,0,0,0,0,1
1,0,0,0,0,3,0.1411,0,0,0,1,0,0,0,0,0,0,0,0,0,0,1,0,0,0,0,0,0,1
1,0,0,0,0,4,0.0737,1,0,0,0,0,0,1,0,0,0,0,0,0,0,0,0,0,0,0,0,1,0
0,1,0,0,0,2,0.2292,0,0,1,0,0,0,0,0,0,0,0,0,0,1,0,0,0,0,0,0,0,1
1,0,0,0,0,3,0.1056,0,0,1,0,0,0,0,0,0,0,0,0,0,0,1,0,0,0,0,0,0,1
0,0,1,0,0,2,0.2118,1,0,0,0,0,0,0,0,1,0,0,0,0,0,0,0,0,0,0,0,1,0
1,0,0,0,0,4,0.2486,0,1,0,0,0,0,1,0,0,0,0,0,0,0,0,0,0,0,0,0,1,0
1,0,0,0,0,3,0.2165,0,0,0,1,0,0,0,0,0,1,0,0,0,0,0,0,0,0,0,0,0,1
0,0,1,0,0,1,0.2905,0,1,0,0,0,0,0,0,0,0,0,0,1,0,0,0,0,0,0,0,0,1
1,0,0,0,0,4,0.2439,0,0,0,1,0,0,1,0,0,0,0,0,0,0,0,0,0,0,0,0,1,0
0,0,1,0,0,2,0.2122,1,0,0,0,0,0,0,0,1,0,0,0,0,0,0,0,0,0,0,0,1,0
1,0,0,0,0,4,0.2194,0,0,0,1,0,0,1,0,0,0,0,0,0,0,0,0,0,0,0,0,1,0
0,0,1,0,0,2,0.2172,1,0,0,0,0,0,0,0,1,0,0,0,0,0,0,0,0,0,0,0,1,0
1,0,0,0,0,4,0.1896,0,1,0,0,0,0,1,0,0,0,0,0,0,0,0,0,0,0,0,0,1,0
0,0,1,0,0,2,0.2674,0,1,0,0,0,0,0,0,1,0,0,0,0,0,0,0,0,0,0,0,1,0
0,0,0,1,0,4,0.5327,0,0,0,0,1,0,0,0,0,0,0,1,0,0,0,0,0,0,0,0,1,0
0,0,1,0,0,2,0.1145,1,0,0,0,0,0,0,0,1,0,0,0,0,0,0,0,0,0,0,0,1,0
0,0,1,0,0,2,0.1145,1,0,0,0,0,0,0,0,1,0,0,0,0,0,0,0,0,0,0,0,1,0
0,0,1,0,0,1,0.2224,0,1,0,0,0,0,0,0,0,0,0,0,1,0,0,0,0,0,0,0,0,1
0,0,1,0,0,2,0.2176,1,0,0,0,0,0,0,0,1,0,0,0,0,0,0,0,0,0,0,0,1,0
1,0,0,0,0,4,0.2151,0,0,0,1,0,0,1,0,0,0,0,0,0,0,0,0,0,0,0,0,1,0
1,0,0,0,0,4,0.1892,0,1,0,0,0,0,1,0,0,0,0,0,0,0,0,0,0,0,0,0,1,0
0,0,1,0,0,2,0.2674,0,1,0,0,0,0,0,0,1,0,0,0,0,0,0,0,0,0,0,0,1,0
0,0,0,1,0,4,0.5327,0,0,0,0,1,0,0,0,0,0,0,1,0,0,0,0,0,0,0,0,1,0
0,0,1,0,0,2,0.1145,1,0,0,0,0,0,0,0,1,0,0,0,0,0,0,0,0,0,0,0,1,0
0,0,1,0,0,2,0.1145,1,0,0,0,0,0,0,0,1,0,0,0,0,0,0,0,0,0,0,0,1,0
0,0,1,0,0,1,0.2224,0,1,0,0,0,0,0,0,0,0,0,0,1,0,0,0,0,0,0,0,0,1
1,0,0,0,0,4,0.2224,0,0,0,1,0,0,1,0,0,0,0,0,0,0,0,0,0,0,0,0,1,0
0,0,1,0,0,2,0.2171,1,0,0,0,0,0,0,0,1,0,0,0,0,0,0,0,0,0,0,0,1,0
1,0,0,0,0,4,0.2486,0,0,0,1,0,0,1,0,0,0,0,0,0,0,0,0,0,0,0,0,1,0
0,0,1,0,0,2,0.2118,1,0,0,0,0,0,0,0,1,0,0,0,0,0,0,0,0,0,0,0,1,0
1,0,0,0,0,3,0.2427,0,0,1,0,0,0,0,0,0,1,0,0,0,0,0,0,0,0,0,0,0,1
0,0,1,0,0,1,0.2854,0,1,0,0,0,0,0,0,0,0,0,0,1,0,0,0,0,0,0,0,0,1
1,0,0,0,0,4,0.1859,0,1,0,0,0,0,1,0,0,0,0,0,0,0,0,0,0,0,0,0,1,0
1,0,0,0,0,4,0.1809,0,0,1,0,0,0,1,0,0,0,0,0,0,0,0,0,0,0,0,0,1,0
1,0,0,0,0,4,0.2168,0,0,1,0,0,0,1,0,0,0,0,0,0,0,0,0,0,0,0,0,1,0
1,0,0,0,0,4,0.2433,0,0,1,0,0,0,1,0,0,0,0,0,0,0,0,0,0,0,0,0,1,0
1,0,0,0,0,4,0.3023,0,0,1,0,0,0,1,0,0,0,0,0,0,0,0,0,0,0,0,0,1,0
0,0,1,0,0,2,0.3237,0,1,0,0,0,0,0,0,1,0,0,0,0,0,0,0,0,0,0,0,1,0
0,0,1,0,0,2,0.1869,1,0,0,0,0,0,0,0,1,0,0,0,0,0,0,0,0,0,0,0,1,0
0,0,1,0,0,2,0.2148,1,0,0,0,0,0,0,0,1,0,0,0,0,0,0,0,0,0,0,0,1,0
0,0,1,0,0,2,0.2175,1,0,0,0,0,0,0,0,1,0,0,0,0,0,0,0,0,0,0,0,1,0
0,0,1,0,0,2,0.2675,0,1,0,0,0,0,0,0,1,0,0,0,0,0,0,0,0,0,0,0,1,0
0,0,0,1,0,4,0.5327,0,0,0,0,1,0,0,0,0,0,0,1,0,0,0,0,0,0,0,0,1,0
0,0,1,0,0,1,0.2224,0,1,0,0,0,0,0,0,0,0,0,0,1,0,0,0,0,0,0,0,0,1
0,0,1,0,0,2,0.1145,1,0,0,0,0,0,0,0,1,0,0,0,0,0,0,0,0,0,0,0,1,0
0,0,1,0,0,2,0.1145,1,0,0,0,0,0,0,0,1,0,0,0,0,0,0,0,0,0,0,0,1,0
0,0,1,0,0,2,0.2371,1,0,0,0,0,0,0,0,0,0,1,0,0,0,0,0,0,0,0,0,0,1
1,0,0,0,0,3,0.4216,0,0,0,1,0,0,0,0,0,1,0,0,0,0,0,0,0,0,0,0,0,1
0,0,1,0,0,1,0.2371,0,1,0,0,0,0,0,0,0,0,1,0,0,0,0,0,0,0,0,0,0,1
1,0,0,0,0,3,0.2283,0,0,0,1,0,0,0,0,0,1,0,0,0,0,0,0,0,0,0,0,0,1
1,0,0,0,0,3,0.0477,0,1,0,0,0,0,0,0,0,1,0,0,0,0,0,0,0,0,0,0,0,1
0,0,1,0,0,2,0.393,0,1,0,0,0,0,0,0,0,0,0,0,1,0,0,0,0,0,0,0,0,1
0,0,0,1,0,4,0.5889,0,0,0,0,1,0,0,0,0,0,0,1,0,0,0,0,0,0,0,0,1,0
0,0,1,0,0,2,0.1039,1,0,0,0,0,0,0,0,1,0,0,0,0,0,0,0,0,0,0,0,1,0
0,0,1,0,0,2,0.1039,1,0,0,0,0,0,0,0,1,0,0,0,0,0,0,0,0,0,0,0,1,0
0,0,1,0,0,1,0.2114,0,1,0,0,0,0,0,0,0,0,0,0,1,0,0,0,0,0,0,0,0,1
1,0,0,0,0,4,0.1005,0,1,0,0,0,0,1,0,0,0,0,0,0,0,0,0,0,0,0,0,1,0
1,0,0,0,0,4,0.19,0,0,1,0,0,0,1,0,0,0,0,0,0,0,0,0,0,0,0,0,1,0
1,0,0,0,0,4,0.2118,0,0,1,0,0,0,1,0,0,0,0,0,0,0,0,0,0,0,0,0,1,0
1,0,0,0,0,4,0.1835,0,0,1,0,0,0,1,0,0,0,0,0,0,0,0,0,0,0,0,0,1,0
0,0,1,0,0,2,0.3251,0,1,0,0,0,0,0,0,1,0,0,0,0,0,0,0,0,0,0,0,1,0
1,0,0,0,0,4,0.2541,0,0,0,1,0,0,1,0,0,0,0,0,0,0,0,0,0,0,0,0,1,0
1,0,0,0,0,3,0.104,0,0,0,1,0,0,0,0,0,1,0,0,0,0,0,0,0,0,0,0,0,1
0,0,1,0,0,1,0.5443,0,1,0,0,0,0,0,0,0,0,1,0,0,0,0,0,0,0,0,0,0,1
0,0,1,0,0,1,0.5443,1,0,0,0,0,0,0,0,0,0,1,0,0,0,0,0,0,0,0,0,0,1
0,0,1,0,0,2,0.1891,1,0,0,0,0,0,0,0,1,0,0,0,0,0,0,0,0,0,0,0,1,0
1,0,0,0,0,4,0.2113,0,0,1,0,0,0,1,0,0,0,0,0,0,0,0,0,0,0,0,0,1,0
1,0,0,0,0,4,0.1802,0,1,0,0,0,0,1,0,0,0,0,0,0,0,0,0,0,0,0,0,1,0
0,0,1,0,0,2,0.3515,0,1,0,0,0,0,0,0,1,0,0,0,0,0,0,0,0,0,0,0,1,0
0,0,0,1,0,4,0.0139,0,0,0,0,1,0,0,0,0,0,0,1,0,0,0,0,0,0,0,0,1,0
0,0,1,0,0,1,0.6377,0,1,0,0,0,0,0,0,0,0,0,0,1,0,0,0,0,0,0,0,0,1
0,0,1,0,0,1,0.577,1,0,0,0,0,0,0,0,0,0,1,0,0,0,0,0,0,0,0,0,1,0
0,0,1,0,0,1,0.577,1,0,0,0,0,0,0,0,0,0,1,0,0,0,0,0,0,0,0,0,1,0
0,0,1,0,0,2,0.2177,1,0,0,0,0,0,0,0,1,0,0,0,0,0,0,0,0,0,0,0,1,0
0,0,1,0,0,2,0.2177,1,0,0,0,0,0,0,0,1,0,0,0,0,0,0,0,0,0,0,0,1,0
0,0,1,0,0,2,0.2201,1,0,0,0,0,0,0,0,1,0,0,0,0,0,0,0,0,0,0,0,1,0
0,0,1,0,0,2,0.113,1,0,0,0,0,0,0,0,1,0,0,0,0,0,0,0,0,0,0,0,1,0
0,0,0,1,0,4,0.5592,0,0,0,0,1,0,0,0,0,0,0,1,0,0,0,0,0,0,0,0,1,0
0,0,1,0,0,2,0.113,1,0,0,0,0,0,0,0,1,0,0,0,0,0,0,0,0,0,0,0,1,0
0,0,1,0,0,2,0.113,1,0,0,0,0,0,0,0,1,0,0,0,0,0,0,0,0,0,0,0,1,0
0,0,1,0,0,1,0.2201,0,1,0,0,0,0,0,0,0,0,0,0,1,0,0,0,0,0,0,0,0,1
1,0,0,0,0,4,0.1118,0,1,0,0,0,0,1,0,0,0,0,0,0,0,0,0,0,0,0,0,1,0
1,0,0,0,0,4,0.1927,0,0,1,0,0,0,1,0,0,0,0,0,0,0,0,0,0,0,0,0,1,0
1,0,0,0,0,4,0.2153,0,0,1,0,0,0,1,0,0,0,0,0,0,0,0,0,0,0,0,0,1,0
1,0,0,0,0,4,0.2174,0,0,1,0,0,0,1,0,0,0,0,0,0,0,0,0,0,0,0,0,1,0
1,0,0,0,0,4,0.2175,0,0,1,0,0,0,1,0,0,0,0,0,0,0,0,0,0,0,0,0,1,0
1,0,0,0,0,4,0.2175,0,1,0,0,0,0,1,0,0,0,0,0,0,0,0,0,0,0,0,0,1,0
0,0,1,0,0,2,0.2175,1,0,0,0,0,0,0,0,1,0,0,0,0,0,0,0,0,0,0,0,1,0
0,0,1,0,0,2,0.2175,1,0,0,0,0,0,0,0,1,0,0,0,0,0,0,0,0,0,0,0,1,0
0,0,1,0,0,2,0.2175,1,0,0,0,0,0,0,0,1,0,0,0,0,0,0,0,0,0,0,0,1,0
0,0,1,0,0,2,0.2176,1,0,0,0,0,0,0,0,1,0,0,0,0,0,0,0,0,0,0,0,1,0
0,0,1,0,0,2,0.2198,1,0,0,0,0,0,0,0,1,0,0,0,0,0,0,0,0,0,0,0,1,0
1,0,0,0,0,3,0.2546,0,0,0,1,0,0,0,0,0,1,0,0,0,0,0,0,0,0,0,0,0,1
0,0,1,0,0,1,0.2842,0,1,0,0,0,0,0,0,0,0,0,0,1,0,0,0,0,0,0,0,0,1
1,0,0,0,0,3,0.4219,0,0,0,1,0,0,0,0,0,1,0,0,0,0,0,0,0,0,0,0,0,1
0,0,1,0,0,1,0.2373,0,1,0,0,0,0,0,0,0,0,1,0,0,0,0,0,0,0,0,0,0,1
0,0,1,0,0,2,0.2373,1,0,0,0,0,0,0,0,0,0,1,0,0,0,0,0,0,0,0,0,0,1
0,0,1,0,0,2,0.113,1,0,0,0,0,0,0,0,1,0,0,0,0,0,0,0,0,0,0,0,1,0
0,0,0,1,0,4,0.5592,0,0,0,0,1,0,0,0,0,0,0,1,0,0,0,0,0,0,0,0,1,0
0,0,1,0,0,2,0.113,1,0,0,0,0,0,0,0,1,0,0,0,0,0,0,0,0,0,0,0,1,0
0,0,1,0,0,2,0.113,1,0,0,0,0,0,0,0,1,0,0,0,0,0,0,0,0,0,0,0,1,0
0,0,1,0,0,1,0.2201,0,1,0,0,0,0,0,0,0,0,0,0,1,0,0,0,0,0,0,0,0,1
0,1,0,0,0,3,0.107,1,0,0,0,0,0,0,0,0,0,0,0,0,0,0,1,0,0,0,0,0,1
1,0,0,0,0,3,0.1759,0,0,0,1,0,0,0,0,0,0,0,0,0,0,1,0,0,0,0,0,0,1
0,1,0,0,0,2,0.1739,0,0,1,0,0,0,0,0,0,0,0,0,0,1,0,0,0,0,0,0,0,1
1,0,0,0,0,3,0.3532,0,0,0,1,0,0,0,0,0,0,0,0,0,0,1,0,0,0,0,0,0,1
0,0,1,0,0,1,0.2443,0,1,0,0,0,0,0,0,0,0,0,0,1,0,0,0,0,0,0,0,0,1
0,1,0,0,0,3,0.2535,0,0,1,0,0,0,0,0,0,0,0,0,0,1,0,0,0,0,0,0,0,1
1,0,0,0,0,3,0.085,0,0,1,0,0,0,0,0,0,0,0,0,0,0,1,0,0,0,0,0,0,1
1,0,0,0,0,3,0.0566,0,0,1,0,0,0,0,0,0,0,0,0,0,0,1,0,0,0,0,0,0,1
1,0,0,0,0,4,0.2421,0,0,0,1,0,0,1,0,0,0,0,0,0,0,0,0,0,0,0,0,1,0
0,0,1,0,0,2,0.3306,0,1,0,0,0,0,0,0,1,0,0,0,0,0,0,0,0,0,0,0,1,0
1,0,0,0,0,4,0.1801,0,0,0,1,0,0,1,0,0,0,0,0,0,0,0,0,0,0,0,0,1,0
1,0,0,0,0,4,0.1813,0,1,0,0,0,0,1,0,0,0,0,0,0,0,0,0,0,0,0,0,1,0
0,0,1,0,0,2,0.3112,0,1,0,0,0,0,0,0,1,0,0,0,0,0,0,0,0,0,0,0,1,0
0,0,0,1,0,4,0.2189,0,0,0,0,1,0,0,0,0,0,0,1,0,0,0,0,0,0,0,0,1,0
0,0,1,0,0,2,0.4371,1,0,0,0,0,0,0,0,1,0,0,0,0,0,0,0,0,0,0,0,1,0
0,0,1,0,0,1,0.517,0,1,0,0,0,0,0,0,0,0,0,0,1,0,0,0,0,0,0,0,0,1
0,0,1,0,0,2,0.27,0,1,0,0,0,0,0,0,1,0,0,0,0,0,0,0,0,0,0,0,1,0
0,0,0,1,0,4,0.2277,0,0,0,0,1,0,0,0,0,0,0,1,0,0,0,0,0,0,0,0,1,0
0,0,1,0,0,2,0.4368,1,0,0,0,0,0,0,0,1,0,0,0,0,0,0,0,0,0,0,0,1,0
0,0,1,0,0,1,0.5168,0,1,0,0,0,0,0,0,0,0,0,0,1,0,0,0,0,0,0,0,0,1
0,0,1,0,0,2,0.2258,0,1,0,0,0,0,0,0,1,0,0,0,0,0,0,0,0,0,0,0,1,0
0,0,0,1,0,4,0.5373,0,0,0,0,1,0,0,0,0,0,0,1,0,0,0,0,0,0,0,0,1,0
0,0,1,0,0,2,0.1143,1,0,0,0,0,0,0,0,1,0,0,0,0,0,0,0,0,0,0,0,1,0
0,0,1,0,0,2,0.1143,1,0,0,0,0,0,0,0,1,0,0,0,0,0,0,0,0,0,0,0,1,0
0,0,1,0,0,1,0.2221,0,1,0,0,0,0,0,0,0,0,0,0,1,0,0,0,0,0,0,0,0,1
1,0,0,0,0,4,0.2161,0,0,0,1,0,0,1,0,0,0,0,0,0,0,0,0,0,0,0,0,1,0
0,0,1,0,0,2,0.2175,1,0,0,0,0,0,0,0,1,0,0,0,0,0,0,0,0,0,0,0,1,0
1,0,0,0,0,4,0.2338,0,0,0,1,0,0,1,0,0,0,0,0,0,0,0,0,0,0,0,0,1,0
0,0,1,0,0,2,0.2155,1,0,0,0,0,0,0,0,1,0,0,0,0,0,0,0,0,0,0,0,1,0
1,0,0,0,0,4,0.098,0,1,0,0,0,0,1,0,0,0,0,0,0,0,0,0,0,0,0,0,1,0
1,0,0,0,0,4,0.1899,0,0,1,0,0,0,1,0,0,0,0,0,0,0,0,0,0,0,0,0,1,0
1,0,0,0,0,4,0.2118,0,0,1,0,0,0,1,0,0,0,0,0,0,0,0,0,0,0,0,0,1,0
1,0,0,0,0,4,0.1835,0,0,1,0,0,0,1,0,0,0,0,0,0,0,0,0,0,0,0,0,1,0
0,0,1,0,0,2,0.3268,0,1,0,0,0,0,0,0,1,0,0,0,0,0,0,0,0,0,0,0,1,0
1,0,0,0,0,4,0.2281,0,0,0,1,0,0,1,0,0,0,0,0,0,0,0,0,0,0,0,0,1,0
1,0,0,0,0,3,0.1016,0,0,0,1,0,0,0,0,0,1,0,0,0,0,0,0,0,0,0,0,0,1
0,0,1,0,0,1,0.5444,0,1,0,0,0,0,0,0,0,0,1,0,0,0,0,0,0,0,0,0,0,1
0,0,1,0,0,1,0.5444,1,0,0,0,0,0,0,0,0,0,1,0,0,0,0,0,0,0,0,0,0,1
0,0,1,0,0,2,0.2882,0,1,0,0,0,0,0,0,1,0,0,0,0,0,0,0,0,0,0,0,1,0
0,0,0,1,0,4,0.2161,0,0,0,0,1,0,0,0,0,0,0,1,0,0,0,0,0,0,0,0,1,0
0,0,1,0,0,1,0.5171,0,1,0,0,0,0,0,0,0,0,0,0,1,0,0,0,0,0,0,0,0,1
0,0,1,0,0,1,0.4373,1,0,0,0,0,0,0,0,0,0,1,0,0,0,0,0,0,0,0,0,1,0
0,0,1,0,0,2,0.3113,0,1,0,0,0,0,0,0,1,0,0,0,0,0,0,0,0,0,0,0,1,0
1,0,0,0,0,4,0.1813,0,1,0,0,0,0,1,0,0,0,0,0,0,0,0,0,0,0,0,0,1,0
1,0,0,0,0,4,0.1801,0,0,1,0,0,0,1,0,0,0,0,0,0,0,0,0,0,0,0,0,1,0
1,0,0,0,0,4,0.2161,0,0,1,0,0,0,1,0,0,0,0,0,0,0,0,0,0,0,0,0,1,0
1,0,0,0,0,4,0.2338,0,0,1,0,0,0,1,0,0,0,0,0,0,0,0,0,0,0,0,0,1,0
1,0,0,0,0,4,0.2421,0,0,1,0,0,0,1,0,0,0,0,0,0,0,0,0,0,0,0,0,1,0
0,0,1,0,0,2,0.3306,0,1,0,0,0,0,0,0,1,0,0,0,0,0,0,0,0,0,0,0,1,0
0,1,0,0,0,3,0.2535,0,0,1,0,0,0,0,0,0,0,0,0,0,1,0,0,0,0,0,0,0,1
1,0,0,0,0,3,0.085,0,0,1,0,0,0,0,0,0,0,0,0,0,0,1,0,0,0,0,0,0,1
1,0,0,0,0,3,0.0566,0,0,1,0,0,0,0,0,0,0,0,0,0,0,1,0,0,0,0,0,0,1
1,0,0,0,0,3,0.1759,0,0,0,1,0,0,0,0,0,0,0,0,0,0,1,0,0,0,0,0,0,1
0,1,0,0,0,2,0.1739,0,0,1,0,0,0,0,0,0,0,0,0,0,1,0,0,0,0,0,0,0,1
1,0,0,0,0,3,0.3532,0,0,0,1,0,0,0,0,0,0,0,0,0,0,1,0,0,0,0,0,0,1
0,0,1,0,0,1,0.2443,0,1,0,0,0,0,0,0,0,0,0,0,1,0,0,0,0,0,0,0,0,1
0,1,0,0,0,3,0.107,1,0,0,0,0,0,0,0,0,0,0,0,0,0,0,1,0,0,0,0,0,1
0,0,1,0,0,2,0.2155,1,0,0,0,0,0,0,0,1,0,0,0,0,0,0,0,0,0,0,0,1,0
0,0,1,0,0,2,0.2175,1,0,0,0,0,0,0,0,1,0,0,0,0,0,0,0,0,0,0,0,1,0
1,0,0,0,0,4,0.2143,0,0,1,0,0,0,1,0,0,0,0,0,0,0,0,0,0,0,0,0,1,0
1,0,0,0,0,4,0.2174,0,1,0,0,0,0,1,0,0,0,0,0,0,0,0,0,0,0,0,0,1,0
0,0,1,0,0,2,0.2175,1,0,0,0,0,0,0,0,1,0,0,0,0,0,0,0,0,0,0,0,1,0
0,0,1,0,0,2,0.2176,1,0,0,0,0,0,0,0,1,0,0,0,0,0,0,0,0,0,0,0,1,0
0,0,1,0,0,2,0.2177,1,0,0,0,0,0,0,0,1,0,0,0,0,0,0,0,0,0,0,0,1,0
0,0,1,0,0,2,0.2201,1,0,0,0,0,0,0,0,1,0,0,0,0,0,0,0,0,0,0,0,1,0
0,0,1,0,0,2,0.1143,1,0,0,0,0,0,0,0,1,0,0,0,0,0,0,0,0,0,0,0,1,0
0,0,0,1,0,4,0.5404,0,0,0,0,1,0,0,0,0,0,0,1,0,0,0,0,0,0,0,0,1,0
0,0,1,0,0,2,0.1143,1,0,0,0,0,0,0,0,1,0,0,0,0,0,0,0,0,0,0,0,1,0
0,0,1,0,0,1,0.222,0,1,0,0,0,0,0,0,0,0,0,0,1,0,0,0,0,0,0,0,0,1
0,0,1,0,0,2,0.1798,0,1,0,0,0,0,0,0,1,0,0,0,0,0,0,0,0,0,0,0,1,0
0,0,0,1,0,4,0.5404,0,0,0,0,1,0,0,0,0,0,0,1,0,0,0,0,0,0,0,0,1,0
0,0,1,0,0,2,0.1143,1,0,0,0,0,0,0,0,1,0,0,0,0,0,0,0,0,0,0,0,1,0
0,0,1,0,0,2,0.1143,1,0,0,0,0,0,0,0,1,0,0,0,0,0,0,0,0,0,0,0,1,0
0,0,1,0,0,1,0.222,0,1,0,0,0,0,0,0,0,0,0,0,1,0,0,0,0,0,0,0,0,1
